========================================================================
  STEP NOISE FINDER — SCAN REPORT
========================================================================

Date:       2026-04-28 13:36:43
Folder:     D:/Data/Complete_Runs/HAK04-008B-02L64869w15-205B16a
Files:      1
            - HAK04-008B-02L64869w15-205B16a-OHMX205-UNO256_205_20260403190945_Baseline.tdd

Parameters:
  Amplitude  >= 10.0 mV
  Frequency     0.1 - 20.0 Hz
  Periodicity >= 0.4
  Gap merge  <= 30.0 s

========================================================================
  SUMMARY
========================================================================

  Channels with step noise: 6
  Total segments detected:  15
  Files with detections:    1

========================================================================
  DETECTIONS
========================================================================

File               Ch    Start      End   Freq      Amp    PreBL   PostBL  Period
---------------------------------------------------------------------------------
20260403190945     99    507.0    586.0   20.0     10.3   1486.9   1498.7   0.453
20260403190945    144    387.0    666.0   20.0     74.8   1546.5   1568.9   0.645
20260403190945    150     15.0     50.0   20.0     43.8    604.0    594.8   0.524
20260403190945    150    493.0    522.0   20.0     49.3    629.2    633.4   0.489
20260403190945    150    600.0    730.0   20.0     54.0    635.1    645.8   0.518
20260403190945    150   1109.0   1164.0   20.0     51.4    642.8    633.6   0.492
20260403190945    150   1190.0   1253.0   20.0     53.4    631.9    643.1   0.509
20260403190945    150   1474.0   1499.0   20.0     49.4    646.6    643.6   0.514
20260403190945    180    930.0    960.0   20.0     10.8   1430.7   1431.9   0.559
20260403190945    189    167.0    293.0   11.8    101.6   1714.6   1731.9   0.540
20260403190945    214    366.0    395.0   20.0     11.1   1437.5   1438.1   0.539
20260403190945    214    929.0    958.0   20.0     10.2   1449.6   1451.1   0.559
20260403190945    214   1355.0   1397.0   20.0     10.2   1423.1   1423.6   0.450
20260403190945    214   1445.0   1461.0   20.0     11.5   1424.5   1425.4   0.489
20260403190945    214   1711.0   1725.0   20.0     10.5   1412.8   1415.6   0.655

========================================================================
  End of report
========================================================================
