========================================================================
  STEP NOISE FINDER — SCAN REPORT
========================================================================

Date:       2026-05-22 10:49:02
Folder:     //quark/UsersNoBackup/step_noise_investigation/Complete_Runs/HAK04-008B-02L64869w15-205B16a
Files:      1
            - HAK04-008B-02L64869w15-205B16a-OHMX205-UNO256_205_20260403162311_Baseline.tdd

Parameters:
  Amplitude  >= 1.0 mV
  Frequency     10.0 - 20.0 Hz
  Periodicity >= 0.2
  Gap merge  <= 30.0 s

========================================================================
  SUMMARY
========================================================================

  Channels with step noise: 187
  Total segments detected:  222
  Files with detections:    1

========================================================================
  DETECTIONS
========================================================================

File               Ch    Start      End   Freq      Amp    PreBL   PostBL  Period
---------------------------------------------------------------------------------
20260403162311      4      1.0    784.0   11.6      2.5   1151.7   1337.4   0.296
20260403162311      6   1398.0   1483.0   12.5      1.9   1351.2   1662.9   0.293
20260403162311      6   1585.0   1595.0   14.3      1.0   1678.0   1680.8   0.204
20260403162311      5      0.0   1800.0   12.2      2.9      0.0   1120.5   0.334
20260403162311      7      3.0    451.0   11.1      1.3   1141.2   1133.5   0.223
20260403162311      7   1394.0   1744.0   11.1      1.5   1123.1   1119.9   0.229
20260403162311      8    762.0    967.0   11.1      1.4   1134.6   1133.0   0.257
20260403162311      1      1.0   1799.0   11.8      5.0   1159.4   1258.1   0.315
20260403162311      2    309.0   1799.0   10.9      1.7   1143.2   1129.1   0.305
20260403162311      9      0.0   1800.0   13.1      3.8      0.0   1116.0   0.303
20260403162311     10    388.0   1800.0   11.1      1.3   1125.5   1110.9   0.220
20260403162311     14    610.0    642.0   10.0      1.0    877.3    872.7   0.236
20260403162311     14   1243.0   1799.0   13.4      2.9   1154.4   1217.0   0.245
20260403162311     12      1.0   1800.0   10.8      2.5   1128.7   1184.1   0.247
20260403162311     13      0.0   1800.0   11.1      4.3      0.0   1243.9   0.293
20260403162311     11      1.0   1799.0   11.1      1.6   1128.2   1110.4   0.235
20260403162311     16      0.0   1800.0   11.1      3.1      0.0   1164.2   0.246
20260403162311     15      0.0   1800.0   12.2      5.6      0.0   1107.7   0.284
20260403162311     18    421.0    465.0   12.5      5.1   1107.2   1455.4   0.236
20260403162311     17      0.0   1798.0   11.2      2.0      0.0   1093.2   0.316
20260403162311     20      0.0   1800.0   11.6      2.7      0.0   1091.0   0.289
20260403162311     22      0.0   1800.0   11.2      2.3      0.0   1101.6   0.280
20260403162311     23      0.0   1800.0   11.8      1.7      0.0   1096.8   0.263
20260403162311     25      0.0   1729.0   10.6      2.4      0.0   1100.3   0.276
20260403162311     26      0.0   1800.0   11.5      3.3      0.0   1077.8   0.283
20260403162311     30    688.0   1800.0   11.2      2.9   1211.6   1508.5   0.278
20260403162311     27    324.0   1046.0   11.1      1.5   1096.2   1095.5   0.281
20260403162311     29    119.0    484.0   11.1      1.3   1085.2   1080.6   0.243
20260403162311     32      0.0   1800.0   11.2      2.2      0.0   1080.3   0.309
20260403162311     31      0.0    610.0   11.1      1.8      0.0   1086.9   0.203
20260403162311     33      0.0   1800.0   11.3      5.8      0.0   1079.8   0.260
20260403162311     37      0.0    669.0   12.7      3.5      0.0   1542.3   0.221
20260403162311     37    730.0    762.0   12.5      1.1   1531.9   1535.3   0.208
20260403162311     37    855.0    877.0   14.3      1.2   1540.5   1543.4   0.205
20260403162311     37   1076.0   1090.0   12.5      1.2   1545.4   1537.3   0.217
20260403162311     37   1185.0   1195.0   12.5      1.1   1548.3   1547.1   0.270
20260403162311     34    667.0    979.0   11.1      1.4   1077.1   1076.5   0.218
20260403162311     35    843.0   1799.0   14.3      1.4   1080.3   1071.7   0.212
20260403162311     36      0.0    166.0   11.1      1.4      0.0   1067.4   0.203
20260403162311     36    303.0    589.0   11.1      1.5   1066.4   1066.8   0.285
20260403162311     38      0.0   1800.0   12.9      8.5      0.0   1070.9   0.306
20260403162311     39      0.0   1800.0   11.1      2.1      0.0   1044.4   0.291
20260403162311     40    689.0    817.0   11.1      1.1   1067.3   1066.9   0.207
20260403162311     41      0.0   1530.0   11.2      3.9      0.0   1431.9   0.298
20260403162311     42      0.0   1800.0   10.8      3.4      0.0   1064.6   0.295
20260403162311     44      0.0   1570.0   12.1      2.8      0.0   1343.5   0.320
20260403162311     47      2.0    538.0   10.6      2.0   1052.8   1139.4   0.201
20260403162311     47   1275.0   1315.0   11.1      1.3   1350.2   1375.0   0.238
20260403162311     47   1461.0   1504.0   12.5      1.3   1393.7   1399.8   0.267
20260403162311     47   1742.0   1797.0   13.4      1.2   1394.8   1404.4   0.218
20260403162311     46      0.0   1800.0   11.8      2.7      0.0   1056.8   0.260
20260403162311     45      1.0   1119.0   11.1      1.3   1078.9   1071.5   0.236
20260403162311     48      1.0   1799.0   16.7      5.1    297.8    391.9   0.217
20260403162311     50   1058.0   1162.0   11.1      1.2   1042.4   1040.6   0.243
20260403162311     50   1639.0   1800.0   11.8      5.5   1091.2   1211.0   0.217
20260403162311     51    508.0   1265.0   11.8      1.4   1047.8   1042.3   0.215
20260403162311     52      1.0   1799.0   11.8      3.0   1058.9   1048.6   0.265
20260403162311     53      0.0   1800.0   11.1      2.1      0.0   1041.9   0.342
20260403162311     57      0.0   1800.0   11.3      4.2      0.0   1041.2   0.321
20260403162311     58    886.0   1670.0   12.5      1.3   1058.5   1243.4   0.213
20260403162311     59    870.0   1240.0   11.1      1.6   1049.7   1042.9   0.249
20260403162311     61      0.0    842.0   12.2      5.0      0.0   1041.2   0.326
20260403162311     62   1156.0   1228.0   11.1      1.4   1035.6   1034.9   0.256
20260403162311     64    154.0    745.0   11.1      1.4   1012.7   1007.6   0.205
20260403162311     63      0.0   1800.0   11.8      4.6      0.0   1044.4   0.282
20260403162311     65      0.0    204.0   11.1      1.1      0.0   1036.6   0.202
20260403162311     65   1540.0   1646.0   11.1      1.3   1029.8   1028.2   0.255
20260403162311     67      0.0   1800.0   12.5      3.0      0.0   1025.5   0.301
20260403162311     68      0.0   1800.0   11.1      3.0      0.0   1032.7   0.299
20260403162311     70    319.0    941.0   11.1      1.3   1036.0   1034.1   0.263
20260403162311     71     45.0    141.0   11.1      1.1   1033.2   1032.4   0.218
20260403162311     73      0.0   1800.0   10.4      3.5      0.0   1040.1   0.221
20260403162311     74      1.0     75.0   11.1      1.2   1021.9   1023.2   0.254
20260403162311     75      0.0   1800.0   12.2      3.7      0.0   1026.4   0.298
20260403162311     76      1.0    637.0   11.1      1.4   1054.7   1053.7   0.262
20260403162311     77   1247.0   1309.0   10.0      1.1   1015.1   1015.0   0.208
20260403162311     78      0.0   1553.0   11.6      4.2      0.0   1660.2   0.288
20260403162311     78   1658.0   1800.0   11.8      1.3   1659.6   1658.9   0.222
20260403162311     80      0.0   1800.0   11.2      3.9      0.0   1016.5   0.302
20260403162311     79      0.0   1800.0   11.6      3.0      0.0   1019.0   0.244
20260403162311     87     75.0    255.0   11.1      1.1   1026.1   1403.9   0.210
20260403162311     82   1217.0   1354.0   11.1      1.3   1026.1   1025.2   0.242
20260403162311     83    466.0    646.0   12.5      1.0   1023.1   1021.7   0.215
20260403162311     85      0.0   1800.0   11.6      3.7      0.0   1027.2   0.357
20260403162311     89    895.0   1015.0   10.0      1.2   1040.8   1039.7   0.221
20260403162311     90      0.0   1800.0   18.9     12.6      0.0    421.6   0.280
20260403162311     91   1108.0   1318.0   11.1      1.2   1011.2   1011.3   0.214
20260403162311     95   1123.0   1135.0   12.5      1.1   1243.9   1268.0   0.299
20260403162311     95   1413.0   1503.0   12.7      1.2   1292.3   1313.3   0.322
20260403162311     94    970.0    990.0   11.1      1.2   1022.2   1022.9   0.215
20260403162311    101     85.0    172.0   11.8      1.2   1287.0   1371.2   0.226
20260403162311     96      0.0   1800.0   11.9      3.1      0.0   1020.5   0.284
20260403162311    100      0.0    284.0   12.2      1.6      0.0   1305.4   0.255
20260403162311    100    347.0    413.0   12.5      1.1   1318.7   1323.3   0.262
20260403162311    100    657.0    675.0   12.5      1.2   1329.4   1330.5   0.240
20260403162311    100    855.0    865.0   11.1      1.1   1348.2   1351.5   0.230
20260403162311    100   1641.0   1670.0   11.1      1.1   1414.1   1418.3   0.225
20260403162311    100   1711.0   1745.0   11.1      1.2   1413.7   1411.4   0.258
20260403162311     97      0.0   1145.0   11.8      3.6      0.0   1282.5   0.250
20260403162311     99      1.0   1800.0   11.1      3.3   1032.0   1022.4   0.352
20260403162311    102    787.0    913.0   11.1      1.4   1013.6   1014.5   0.217
20260403162311    103      0.0   1800.0   12.3      4.9      0.0   1010.4   0.323
20260403162311    105    671.0   1226.0   10.6      1.4   1008.3   1005.6   0.228
20260403162311    105   1484.0   1592.0   10.0      1.2   1004.4   1003.1   0.219
20260403162311    107      0.0   1800.0   11.4      2.5      0.0   1025.6   0.287
20260403162311    108      0.0   1800.0   11.9      2.8      0.0   1027.0   0.262
20260403162311    109      0.0   1800.0   10.8      4.4      0.0   1432.0   0.370
20260403162311    111      0.0   1800.0   12.0      3.7      0.0   1020.2   0.278
20260403162311    113    586.0    970.0   12.5      1.3   1009.3   1009.3   0.283
20260403162311    114      0.0   1800.0   11.8      3.1      0.0   1031.3   0.299
20260403162311    115    316.0   1800.0   10.8      3.7   1028.2   1021.8   0.319
20260403162311    117   1437.0   1800.0   11.1      2.2   1014.8   1321.8   0.253
20260403162311    118      0.0   1800.0   11.3      3.7      0.0   1481.2   0.299
20260403162311    119      0.0   1800.0   11.6      2.7      0.0   1012.8   0.322
20260403162311    120      0.0   1597.0   11.3      2.9      0.0   1473.2   0.331
20260403162311    120   1706.0   1734.0   14.3      1.1   1470.5   1469.3   0.271
20260403162311    120   1765.0   1775.0   12.5      1.2   1468.8   1469.6   0.210
20260403162311    121    276.0    676.0   11.1      1.4   1031.4   1028.5   0.305
20260403162311    122      0.0   1800.0   12.8      3.4      0.0   1016.9   0.296
20260403162311    123      0.0   1800.0   11.2      2.6      0.0   1002.6   0.290
20260403162311    124     41.0    293.0   11.1      1.5   1020.4   1020.1   0.290
20260403162311    124    658.0    952.0   11.1      1.0   1018.2   1019.0   0.265
20260403162311    124   1095.0   1129.0   11.1      1.5   1016.8   1016.6   0.263
20260403162311    125    287.0    591.0   11.1      1.2   1022.4   1019.6   0.233
20260403162311    125   1099.0   1225.0   12.5      1.1   1018.3   1018.4   0.211
20260403162311    127    147.0    283.0   11.1      1.2   1029.0   1030.4   0.210
20260403162311    132      0.0   1799.0   11.1      3.6      0.0   1024.2   0.338
20260403162311    134     43.0    769.0   10.6      1.6   1029.0   1026.3   0.265
20260403162311    134    816.0   1580.0   11.8      1.7   1025.7   1024.5   0.262
20260403162311    135    605.0   1237.0   11.8      1.6   1031.2   1028.6   0.268
20260403162311    136     18.0   1800.0   12.1      6.6   1128.9   1439.5   0.275
20260403162311    137      0.0   1800.0   11.1      3.9      0.0   1029.4   0.287
20260403162311    140   1470.0   1500.0   11.1      1.2   1380.2   1378.2   0.205
20260403162311    140   1546.0   1675.0   12.0      1.3   1375.4   1391.9   0.253
20260403162311    138      0.0   1800.0   11.2      3.0      0.0   1039.9   0.327
20260403162311    141    117.0    697.0   14.3      2.1   1037.2   1303.8   0.202
20260403162311    143    332.0    914.0   12.5      4.2   1035.7   1032.4   0.213
20260403162311    142      0.0   1799.0   11.8      3.5      0.0   1030.9   0.245
20260403162311    144      1.0   1783.0   11.1      2.7   1041.0   1047.6   0.230
20260403162311    145      0.0   1800.0   11.1      5.4      0.0   1043.2   0.346
20260403162311    147    769.0   1051.0   11.1      1.5   1046.9   1045.4   0.201
20260403162311    148   1481.0   1529.0   11.1      1.7   1045.9   1041.8   0.222
20260403162311    149      0.0   1800.0   11.9      2.3      0.0   1026.7   0.256
20260403162311    150      0.0   1800.0   18.9     38.4      0.0    547.9   0.342
20260403162311    153   1251.0   1389.0   12.5      1.2   1054.7   1051.9   0.225
20260403162311    155      0.0   1798.0   11.8      2.2      0.0   1030.6   0.279
20260403162311    157      0.0   1800.0   11.5      4.9      0.0   1047.5   0.324
20260403162311    158    203.0    950.0   11.1      1.7   1049.6   1044.2   0.300
20260403162311    159      0.0    901.0   11.8      1.3      0.0   1051.4   0.289
20260403162311    160    209.0    465.0   11.1      1.3   1063.6   1060.2   0.251
20260403162311    160   1179.0   1647.0   11.1      1.4   1056.4   1055.6   0.223
20260403162311    161      0.0   1800.0   13.1     23.9      0.0    923.7   0.308
20260403162311    163      5.0   1800.0   11.1      2.8   1063.2   1057.3   0.258
20260403162311    165      1.0    657.0   10.0      1.1   1064.3   1068.3   0.206
20260403162311    168   1712.0   1757.0   13.4     11.0   1094.4   1477.3   0.236
20260403162311    167      0.0   1800.0   11.1      5.4      0.0   1057.7   0.317
20260403162311    170    886.0    930.0   11.1      1.3   1053.4   1051.6   0.269
20260403162311    169      0.0   1800.0   11.8      3.8      0.0   1065.9   0.255
20260403162311    173      0.0   1799.0   11.8      2.2      0.0   1056.0   0.275
20260403162311    175      0.0   1800.0   10.6      2.8      0.0   1071.1   0.252
20260403162311    176   1252.0   1450.0   11.1      1.6   1081.6   1085.7   0.277
20260403162311    177      0.0   1799.0   10.9      5.0      0.0   1082.3   0.254
20260403162311    178    330.0    792.0   11.8      1.7   1086.0   1082.4   0.302
20260403162311    179      0.0   1800.0   11.8      5.4      0.0   1073.2   0.296
20260403162311    181      0.0   1800.0   11.4      3.1      0.0   1093.2   0.286
20260403162311    185      2.0   1023.0   12.1      2.0   1076.9   1272.5   0.284
20260403162311    185   1591.0   1799.0   12.5      1.9   1324.0   1352.9   0.305
20260403162311    183      0.0   1800.0   11.4      4.0      0.0   1363.8   0.247
20260403162311    184      0.0    994.0   12.5      6.9      0.0   1485.7   0.230
20260403162311    187      3.0   1799.0   11.8      2.9   1099.5   1094.1   0.230
20260403162311    190    502.0    902.0   11.1      1.8   1428.1   1474.1   0.303
20260403162311    190   1067.0   1237.0   12.6      1.5   1483.6   1481.0   0.298
20260403162311    189      0.0   1800.0   11.5      5.0      0.0   1102.7   0.315
20260403162311    194      2.0   1800.0   11.1      1.8   1126.4   1681.7   0.254
20260403162311    193      0.0   1800.0   11.9      2.8      0.0   1107.9   0.293
20260403162311    195    814.0   1654.0   11.1      1.5   1120.2   1116.2   0.243
20260403162311    198      0.0   1800.0   11.1      2.4      0.0   1129.9   0.231
20260403162311    199      1.0   1799.0   11.4      2.6   1132.7   1121.9   0.318
20260403162311    200    517.0   1800.0   11.1      1.7   1124.3   1131.2   0.251
20260403162311    202      0.0   1800.0   11.6      3.6      0.0   1128.9   0.318
20260403162311    203    161.0   1515.0   11.1      1.9   1138.9   1129.1   0.267
20260403162311    207    206.0    722.0   12.3      8.5   1163.5   1162.5   0.240
20260403162311    210     38.0   1800.0   10.0      1.7   1170.4   1154.7   0.258
20260403162311    211      0.0   1800.0   11.6      5.3      0.0   1147.2   0.286
20260403162311    212      0.0   1304.0   11.1      1.4      0.0   1160.6   0.245
20260403162311    213      1.0   1334.0   11.1      1.7   1168.6   1157.6   0.267
20260403162311    214      0.0   1800.0   11.1      2.8      0.0   1157.5   0.255
20260403162311    215   1340.0   1800.0   10.0      1.6   1168.8   1162.6   0.230
20260403162311    216      0.0   1800.0   11.1      3.2      0.0   1165.8   0.201
20260403162311    217      4.0   1800.0   11.1      2.0   1185.8   1309.9   0.230
20260403162311    220      0.0   1800.0   10.8      5.1      0.0   1442.2   0.243
20260403162311    219      1.0   1799.0   11.1      1.5   1189.7   1174.2   0.271
20260403162311    221      2.0   1797.0   11.1      1.9   1179.7   1166.5   0.247
20260403162311    222      5.0    603.0   11.1      1.6   1195.4   1188.2   0.234
20260403162311    223      0.0   1442.0   11.1      1.3      0.0   1200.1   0.203
20260403162311    224      0.0   1800.0   11.4      3.4      0.0   1182.4   0.241
20260403162311    225      0.0   1800.0   10.9      3.0      0.0   1180.8   0.301
20260403162311    226      0.0   1800.0   11.6      5.9      0.0   1085.2   0.331
20260403162311    228      0.0   1800.0   11.1      1.8      0.0   1207.5   0.241
20260403162311    229      1.0   1799.0   10.0      1.3   1224.6   1204.0   0.237
20260403162311    231      3.0   1800.0   10.9      2.4   1233.2   1211.9   0.255
20260403162311    232      0.0   1800.0   11.1      3.6      0.0   1316.1   0.260
20260403162311    235      0.0   1800.0   11.1      1.8      0.0   1222.0   0.213
20260403162311    236      2.0   1588.0   12.9      3.0   1245.2   1950.2   0.252
20260403162311    237      0.0    542.0   11.8      3.3      0.0   1483.0   0.258
20260403162311    237    830.0   1141.0   11.6      1.3   1613.6   1526.6   0.272
20260403162311    237   1348.0   1800.0   11.1      1.7   1218.8   1213.8   0.216
20260403162311    239      3.0   1799.0   11.1      2.2   1244.6   1226.6   0.244
20260403162311    240    937.0   1221.0   11.1      1.7   1613.7   1587.0   0.206
20260403162311    242     99.0    413.0   13.9     11.5   1275.8   1743.0   0.272
20260403162311    241      1.0   1797.0   11.1      1.6   1267.0   1244.9   0.242
20260403162311    243      0.0   1800.0   11.4      2.4      0.0   1238.8   0.245
20260403162311    244    328.0   1798.0   11.1      2.1   1281.4   1264.5   0.274
20260403162311    246      0.0   1800.0   11.2      1.9      0.0   1657.3   0.231
20260403162311    248      0.0   1596.0   11.2      2.1      0.0   1288.1   0.280
20260403162311    250      0.0   1115.0   12.3      2.7      0.0   1783.6   0.265
20260403162311    250   1171.0   1588.0   11.5      1.9   1775.1   1804.7   0.246
20260403162311    250   1641.0   1799.0   11.1      1.6   1808.1   1797.0   0.249
20260403162311    251   1640.0   1798.0   11.1      1.8   1266.9   1264.2   0.253
20260403162311    253      0.0   1800.0   11.1      1.9      0.0   1289.7   0.261
20260403162311    255      1.0   1800.0   11.7      2.1   1312.6   1285.0   0.300
20260403162311    256      1.0   1799.0   11.1      1.7   1333.1   1327.2   0.241

========================================================================
  End of report
========================================================================
