========================================================================
  STEP NOISE FINDER — SCAN REPORT
========================================================================

Date:       2026-04-22 15:05:15
Folder:     D:/Data/Complete_Runs\HAK04-010A-02L66628w06-428E16a
Files:      31
            - HAK04-010A-02L66628w06-428E16a-OHX428-428_20260327172808_Baseline.tdd
            - HAK04-010A-02L66628w06-428E16a-OHX428-428_20260327173328_Baseline.tdd
            - HAK04-010A-02L66628w06-428E16a-OHX428-428_20260327180654_Baseline.tdd
            - HAK04-010A-02L66628w06-428E16a-OHX428-428_20260327184036_Baseline.tdd
            - HAK04-010A-02L66628w06-428E16a-OHX428-428_20260327191417_Baseline.tdd
            - HAK04-010A-02L66628w06-428E16a-OHX428-428_20260327194800_Baseline.tdd
            - HAK04-010A-02L66628w06-428E16a-OHX428-428_20260327202142_Baseline.tdd
            - HAK04-010A-02L66628w06-428E16a-OHX428-428_20260327205502_Baseline.tdd
            - HAK04-010A-02L66628w06-428E16a-OHX428-428_20260327212822_Baseline.tdd
            - HAK04-010A-02L66628w06-428E16a-OHX428-428_20260327220141_Baseline.tdd
            - HAK04-010A-02L66628w06-428E16a-OHX428-428_20260327223501_Baseline.tdd
            - HAK04-010A-02L66628w06-428E16a-OHX428-428_20260327230821_Baseline.tdd
            - HAK04-010A-02L66628w06-428E16a-OHX428-428_20260327234141_Baseline.tdd
            - HAK04-010A-02L66628w06-428E16a-OHX428-428_20260328001500_Baseline.tdd
            - HAK04-010A-02L66628w06-428E16a-OHX428-428_20260328004820_Baseline.tdd
            - HAK04-010A-02L66628w06-428E16a-OHX428-428_20260328012140_Baseline.tdd
            - HAK04-010A-02L66628w06-428E16a-OHX428-428_20260328015500_Baseline.tdd
            - HAK04-010A-02L66628w06-428E16a-OHX428-428_20260328022819_Baseline.tdd
            - HAK04-010A-02L66628w06-428E16a-OHX428-428_20260328030139_Baseline.tdd
            - HAK04-010A-02L66628w06-428E16a-OHX428-428_20260328033457_Baseline.tdd
            - HAK04-010A-02L66628w06-428E16a-OHX428-428_20260328040816_Baseline.tdd
            - HAK04-010A-02L66628w06-428E16a-OHX428-428_20260328044134_Baseline.tdd
            - HAK04-010A-02L66628w06-428E16a-OHX428-428_20260328051452_Baseline.tdd
            - HAK04-010A-02L66628w06-428E16a-OHX428-428_20260328054812_Baseline.tdd
            - HAK04-010A-02L66628w06-428E16a-OHX428-428_20260328062131_Baseline.tdd
            - HAK04-010A-02L66628w06-428E16a-OHX428-428_20260328065450_Baseline.tdd
            - HAK04-010A-02L66628w06-428E16a-OHX428-428_20260328072808_Baseline.tdd
            - HAK04-010A-02L66628w06-428E16a-OHX428-428_20260328080125_Baseline.tdd
            - HAK04-010A-02L66628w06-428E16a-OHX428-428_20260328083441_Baseline.tdd
            - HAK04-010A-02L66628w06-428E16a-OHX428-428_20260328090756_Baseline.tdd
            - HAK04-010A-02L66628w06-428E16a-OHX428-428_20260328094114_Baseline.tdd

Parameters:
  Amplitude  >= 20.0 mV
  Frequency     0.1 - 20.0 Hz
  Periodicity >= 0.4
  Gap merge  <= 30.0 s

========================================================================
  SUMMARY
========================================================================

  Channels with step noise: 24
  Total segments detected:  67
  Files with detections:    12

========================================================================
  DETECTIONS
========================================================================

File               Ch    Start      End   Freq      Amp    PreBL   PostBL  Period
---------------------------------------------------------------------------------
20260327191417     86   1415.0   1430.0   20.0     97.7   1476.1   1552.9   0.758
20260327191417    141    705.0    740.0   20.0     54.0   1493.2   1496.5   0.674
20260327191417    141    835.0    850.0   20.0     53.9   1498.5   1496.9   0.793
20260327191417    141   1000.0   1095.0   20.0     54.5   1511.7   1517.3   0.814
20260327191417    141   1135.0   1155.0   20.0     59.1   1520.1   1524.3   0.759
20260327191417    141   1235.0   1265.0   20.0     50.8   1522.2   1520.7   0.794
20260327191417    141   1315.0   1335.0   20.0     44.9   1529.9   1522.9   0.866
20260327191417    253    685.0   1470.0    1.6    434.0   2033.7   2019.3   0.826
20260327194800    155    885.0    940.0    6.6    230.9   1618.3   1619.8   0.480
20260327194800    204    975.0    985.0   10.0    309.5   1704.2   1707.7   0.415
20260327194800    204   1110.0   1155.0   10.6    263.1   1681.6   1676.2   0.647
20260327194800    204   1605.0   1710.0    3.5    280.1   1693.1   1723.4   0.509
20260327194800    204   1755.0   1800.0    3.3    272.6   1730.6   1719.4   0.668
20260327194800    253    790.0   1260.0    8.3    447.2   1976.4   2047.9   0.747
20260327194800    253   1385.0   1400.0    0.9    415.3   2051.5   2055.9   0.794
20260327202142     77    560.0    585.0   20.0     73.4   1464.3   1491.0   0.813
20260327202142    140   1235.0   1295.0   20.0    393.0   1553.3   1543.3   0.701
20260327202142    140   1410.0   1460.0   20.0    457.9   1553.4   1556.5   0.767
20260327202142    155    480.0    490.0   20.0     32.1   1604.0   1601.7   0.586
20260327202142    155    795.0    805.0    5.0    201.4   1716.2   1716.9   0.400
20260327202142    155   1270.0   1280.0   20.0     50.3   1542.2   1558.2   0.769
20260327202142    155   1320.0   1330.0   20.0     74.2   1570.0   1569.4   0.870
20260327202142    253    535.0    725.0    5.7    202.6   2085.1   2161.0   0.805
20260327202142    253    760.0    820.0    3.1    198.4   2152.1   2134.2   0.663
20260327202142    253    870.0    880.0   20.0     35.4   2011.6   2002.5   0.925
20260327205502    140   1595.0   1800.0   20.0    103.1   1531.9   1526.6   0.861
20260327212822    142    670.0    695.0   20.0     44.2   1508.1   1515.0   0.684
20260327212822    142    740.0    750.0   20.0     43.7   1518.6   1523.3   0.651
20260327212822    206   1055.0   1115.0   20.0     78.8   1810.1   1825.0   0.891
20260327212822    206   1155.0   1800.0   20.0     85.9   1805.4   1798.2   0.899
20260327212822    214    740.0    755.0   16.7     71.1   1799.8   1789.9   0.495
20260327212822    214   1715.0   1750.0   20.0     99.1   1828.2   1830.3   0.780
20260327212822    248   1260.0   1270.0   20.0     37.5   2021.9   2019.8   0.863
20260327220141    221    345.0    360.0    8.3    142.4   1988.2   1989.9   0.431
20260327220141    221    510.0    525.0    6.2    137.9   1991.9   1988.5   0.489
20260327220141    221    590.0    600.0    6.2    123.8   1991.0   1987.3   0.479
20260327220141    221    695.0    710.0    5.6    115.6   1979.5   1982.4   0.422
20260327230821     57   1460.0   1485.0   20.0    104.4   1607.1   1614.6   0.820
20260327234141    111   1075.0   1085.0   20.0     46.1   1517.5   1520.0   0.805
20260327234141    111   1150.0   1230.0   20.0     72.1   1527.8   1536.4   0.842
20260327234141    111   1290.0   1300.0   20.0     64.0   1536.4   1537.8   0.849
20260327234141    111   1350.0   1370.0   20.0     65.8   1542.2   1540.4   0.839
20260327234141    111   1430.0   1780.0   20.0     83.2   1544.6   1542.6   0.841
20260327234141    184    365.0    375.0    0.3     67.3   1608.6   1606.9   0.407
20260327234141    184    535.0   1380.0    7.9    292.7   1666.5   1740.8   0.682
20260327234141    184   1450.0   1460.0    5.6    274.1   1746.1   1739.3   0.537
20260328001500    184    875.0    930.0    7.0     89.1   1720.5   1722.3   0.690
20260328001500    184    975.0    985.0    6.2     68.6   1717.8   1716.6   0.457
20260328001500    184   1070.0   1800.0    4.4    137.4   1691.5   1751.0   0.764
20260328004820     57   1395.0   1410.0    2.2     97.5   1627.8   1629.9   0.634
20260328004820     57   1550.0   1560.0    2.6    102.0   1700.6   1632.3   0.593
20260328004820    184     10.0    150.0   19.9     81.7   1724.2   1725.3   0.744
20260328004820    184    185.0    200.0   20.0     72.3   1729.1   1728.0   0.794
20260328004820    184    300.0    345.0   20.0     73.7   1743.4   1730.4   0.762
20260328004820    184    565.0    645.0   20.0     79.0   1740.1   1734.2   0.731
20260328004820    184    700.0    710.0   20.0     65.5   1732.9   1734.0   0.749
20260328004820    184    745.0    850.0   20.0     91.4   1740.4   1743.1   0.766
20260328004820    184    905.0    925.0   20.0     71.8   1747.5   1738.7   0.694
20260328004820    184   1085.0   1095.0    2.9     72.3   1740.0   1740.0   0.511
20260328004820    184   1195.0   1265.0    3.2     71.6   1738.7   1738.9   0.490
20260328004820    184   1435.0   1445.0    3.6     66.6   1740.2   1736.4   0.556
20260328004820    184   1495.0   1795.0    3.3     72.7   1740.3   1744.8   0.609
20260328012140    225    320.0    390.0   20.0     53.1   1798.4   1811.9   0.844
20260328012140    225    855.0    865.0   20.0     48.7   1829.6   1824.7   0.871
20260328012140    225    915.0    930.0   20.0     43.8   1824.7   1825.3   0.878
20260328012140    225   1270.0   1280.0   20.0     29.9   1818.1   1811.5   0.852
20260328022819     96    960.0    990.0   20.0     54.7   1535.5   1541.2   0.833

========================================================================
  End of report
========================================================================
