========================================================================
  STEP NOISE FINDER — SCAN REPORT
========================================================================

Date:       2026-05-22 13:00:28
Folder:     E:/Data/Complete_Runs\HAK04-010A-02L66628w06-433C13a
Files:      32
            - HAK04-010A-02L66628w06-433C13a-OHMX433-433_20260327172453_Baseline.tdd
            - HAK04-010A-02L66628w06-433C13a-OHMX433-433_20260327173015_Baseline.tdd
            - HAK04-010A-02L66628w06-433C13a-OHMX433-433_20260327180357_Baseline.tdd
            - HAK04-010A-02L66628w06-433C13a-OHMX433-433_20260327183739_Baseline.tdd
            - HAK04-010A-02L66628w06-433C13a-OHMX433-433_20260327191118_Baseline.tdd
            - HAK04-010A-02L66628w06-433C13a-OHMX433-433_20260327194458_Baseline.tdd
            - HAK04-010A-02L66628w06-433C13a-OHMX433-433_20260327201837_Baseline.tdd
            - HAK04-010A-02L66628w06-433C13a-OHMX433-433_20260327205216_Baseline.tdd
            - HAK04-010A-02L66628w06-433C13a-OHMX433-433_20260327212555_Baseline.tdd
            - HAK04-010A-02L66628w06-433C13a-OHMX433-433_20260327215937_Baseline.tdd
            - HAK04-010A-02L66628w06-433C13a-OHMX433-433_20260327223316_Baseline.tdd
            - HAK04-010A-02L66628w06-433C13a-OHMX433-433_20260327230655_Baseline.tdd
            - HAK04-010A-02L66628w06-433C13a-OHMX433-433_20260327234035_Baseline.tdd
            - HAK04-010A-02L66628w06-433C13a-OHMX433-433_20260328001414_Baseline.tdd
            - HAK04-010A-02L66628w06-433C13a-OHMX433-433_20260328004752_Baseline.tdd
            - HAK04-010A-02L66628w06-433C13a-OHMX433-433_20260328012131_Baseline.tdd
            - HAK04-010A-02L66628w06-433C13a-OHMX433-433_20260328015509_Baseline.tdd
            - HAK04-010A-02L66628w06-433C13a-OHMX433-433_20260328022846_Baseline.tdd
            - HAK04-010A-02L66628w06-433C13a-OHMX433-433_20260328030226_Baseline.tdd
            - HAK04-010A-02L66628w06-433C13a-OHMX433-433_20260328033606_Baseline.tdd
            - HAK04-010A-02L66628w06-433C13a-OHMX433-433_20260328040944_Baseline.tdd
            - HAK04-010A-02L66628w06-433C13a-OHMX433-433_20260328044322_Baseline.tdd
            - HAK04-010A-02L66628w06-433C13a-OHMX433-433_20260328051659_Baseline.tdd
            - HAK04-010A-02L66628w06-433C13a-OHMX433-433_20260328055038_Baseline.tdd
            - HAK04-010A-02L66628w06-433C13a-OHMX433-433_20260328062357_Baseline.tdd
            - HAK04-010A-02L66628w06-433C13a-OHMX433-433_20260328065714_Baseline.tdd
            - HAK04-010A-02L66628w06-433C13a-OHMX433-433_20260328073032_Baseline.tdd
            - HAK04-010A-02L66628w06-433C13a-OHMX433-433_20260328080351_Baseline.tdd
            - HAK04-010A-02L66628w06-433C13a-OHMX433-433_20260328083710_Baseline.tdd
            - HAK04-010A-02L66628w06-433C13a-OHMX433-433_20260328091026_Baseline.tdd
            - HAK04-010A-02L66628w06-433C13a-OHMX433-433_20260328094345_Baseline.tdd
            - HAK04-010A-02L66628w06-433C13a-OHMX433-433_20260328101702_Baseline.tdd

Parameters:
  Amplitude  >= 50.0 mV
  Frequency     0.5 - 20.0 Hz
  Periodicity >= 0.2
  Gap merge  <= 30.0 s

========================================================================
  SUMMARY
========================================================================

  Channels with step noise: 60
  Total segments detected:  97
  Files with detections:    20

========================================================================
  DETECTIONS
========================================================================

File               Ch    Start      End   Freq      Amp    PreBL   PostBL  Period
---------------------------------------------------------------------------------
20260327180357    251    267.0    414.0    9.6    227.8   1933.3   1961.1   0.610
20260327191118    241   1460.0   1567.0   20.0     60.3   1921.4   1906.9   0.905
20260327191118    241   1617.0   1800.0   20.0     63.6   1905.7   1888.2   0.904
20260327191118    250    228.0    599.0   18.8    168.7   1989.1   2055.2   0.716
20260327191118    250    768.0   1800.0    4.8    209.1   2062.4   2053.3   0.605
20260327194458    250    810.0   1052.0   20.0    127.9   1825.0   1980.1   0.838
20260327201837    250    739.0    933.0    0.7     89.0   1941.1   1959.8   0.207
20260327201837    250   1315.0   1389.0   20.0     70.5   1954.8   1959.8   0.563
20260327205216    250     87.0   1801.0    8.8    195.2   2043.7   2119.9   0.543
20260327212555    250      0.0   1800.0    0.6    114.6      0.0   2121.0   0.290
20260327215937    250    464.0   1800.0    1.0    123.8   2106.0   2181.7   0.400
20260327194458    178   1120.0   1643.0    3.1     87.6   1648.6   1611.2   0.276
20260327194458    178   1722.0   1799.0    0.8     64.6   1603.6   1592.1   0.291
20260327194458    212    828.0   1612.0    2.8    689.1   1789.6   1585.1   0.754
20260327201837    212      1.0   1800.0    3.2    211.8   1891.4   1889.8   0.884
20260327205216    212      0.0   1801.0    1.9    180.2      0.0   1891.2   0.751
20260327201837      9   1192.0   1218.0   20.0     66.6   1816.0   1819.3   0.707
20260327201837    139   1012.0   1800.0   11.1    109.7   1599.3   1523.0   0.788
20260327205216    139   1200.0   1545.0    2.5    144.9   1513.0   1432.3   0.393
20260327205216    139   1595.0   1800.0    2.5    130.5   1426.9   1454.1   0.409
20260327212555    139   1140.0   1230.0   16.8     56.6   1526.7   1529.6   0.632
20260327212555    139   1280.0   1799.0    6.8     73.2   1516.2   1439.1   0.700
20260327201837    153   1441.0   1800.0   20.0     86.3   1604.8   1558.9   0.725
20260327205216    153    293.0    436.0   20.0     57.5   1611.5   1614.8   0.842
20260327205216    153    474.0    511.0   20.0     57.9   1621.5   1622.6   0.844
20260327205216    153    543.0   1376.0   20.0     79.9   1628.7   1639.0   0.861
20260327201837    217    745.0    779.0    3.3     54.5   1789.0   1161.5   0.391
20260327201837    231      0.0    995.0    2.2    169.7      0.0   2220.6   0.256
20260327205216    176    893.0   1362.0    1.7    329.0   1613.3   1652.0   0.371
20260327205216    181    192.0   1155.0   12.0     87.6   1705.3   1723.1   0.855
20260327205216    181   1195.0   1269.0    2.9    103.8   1723.1   1722.5   0.631
20260327205216    228   1038.0   1068.0    4.8    178.4   1705.2   1725.3   0.589
20260327212555     13    987.0   1800.0   16.6    146.0   1804.7   1578.9   0.809
20260327223316     13   1000.0   1800.0    3.8     68.7   1738.2   1537.3   0.515
20260327230655     13     19.0     86.0   20.0     61.8   1776.1   1785.1   0.837
20260327230655     13    235.0    249.0   20.0     52.0   1785.9   1795.0   0.852
20260327230655     13    635.0    659.0   20.0     52.5   1795.5   1795.0   0.865
20260327230655     13    770.0    816.0   20.0     61.1   1799.7   1810.0   0.857
20260327230655     13   1160.0   1375.0   20.0     68.3   1799.6   1796.0   0.864
20260327230655     13   1444.0   1494.0   20.0     58.4   1787.3   1779.1   0.860
20260327230655     13   1539.0   1590.0   20.0     54.5   1772.6   1748.7   0.852
20260327230655     13   1643.0   1665.0   20.0     51.7   1710.7   1692.6   0.849
20260327212555    197    651.0    855.0    0.8     75.1   1695.6   1702.1   0.205
20260327212555    197    890.0    900.0    1.5     70.9   1722.3   1715.4   0.285
20260327212555    197   1135.0   1799.0    5.9    133.6   1721.4   1703.0   0.518
20260327215937    197    505.0    640.0   18.8     94.7   1713.3   1741.2   0.510
20260327215937    197    778.0    945.0   12.4    204.7   1762.1   1784.1   0.619
20260327223316    197      6.0   1799.0    3.7    234.9   1615.2   1824.2   0.758
20260327215937    254      0.0   1660.0    2.4    207.3      0.0   2377.1   0.696
20260327223316     65    856.0   1004.0   20.0     80.9   1564.1   1582.7   0.764
20260327223316     79   1615.0   1800.0    6.8     74.7   1549.3   1513.0   0.842
20260327230655     79      0.0    635.0    6.5    115.4      0.0   1694.3   0.672
20260327230655     22   1390.0   1400.0    0.6     52.1   1766.2   1746.2   0.213
20260327234035     22    525.0    590.0   20.0     62.3   1741.5   1740.3   0.784
20260328012131     22    555.0   1800.0   20.0     85.3   1791.4   1722.9   0.859
20260327230655     70    562.0    659.0   20.0    243.5   1584.2   1607.1   0.362
20260327234035     70      0.0     15.0   16.7     57.2      0.0   1599.5   0.446
20260327234035     70    365.0    430.0   16.7     52.5   1629.4   1644.8   0.587
20260327234035     70    510.0    525.0   16.7     58.7   1652.7   1649.1   0.488
20260327234035     70    580.0    595.0   15.5     50.9   1651.7   1652.8   0.585
20260327234035     70    855.0   1280.0    8.4     60.7   1680.3   1675.0   0.788
20260328001414     70      0.0     51.0    2.1    219.1      0.0   1622.2   0.468
20260328001414     70    260.0    371.0    2.5    216.4   1639.9   1645.8   0.618
20260328001414     70    415.0    788.0    2.5    229.1   1644.2   1668.7   0.495
20260328001414     70   1156.0   1800.0   11.2    145.6   1685.7   1608.8   0.796
20260328004752     70      0.0    479.0    3.6    224.5      0.0   1716.8   0.634
20260328004752     70    811.0   1169.0    2.3    188.0   1730.2   1806.2   0.587
20260327230655     86    674.0    725.0    1.5    238.2   1688.9   1709.5   0.786
20260327230655     86   1091.0   1275.0    2.2    232.8   1709.1   1701.4   0.595
20260327230655     86   1370.0   1521.0    2.9    239.9   1705.9   1688.4   0.674
20260327230655     86   1715.0   1731.0    1.9    224.6   1632.9   1666.9   0.730
20260327234035     53    398.0   1800.0   15.2    232.6   1558.9   1426.9   0.773
20260327234035    179    495.0   1799.0    7.3    168.3   1644.3   1625.8   0.741
20260328001414    179    637.0   1800.0    6.7    129.0   1673.6   1710.4   0.621
20260328004752    179      0.0   1800.0    4.4    202.3      0.0   1651.6   0.760
20260328012131    179    946.0   1799.0    3.5    203.9   1856.3   1739.2   0.582
20260328001414     54    289.0    315.0    0.6    110.6   1610.3   1607.1   0.333
20260328004752     99   1370.0   1800.0    4.0     74.6   1595.5   1502.6   0.648
20260328012131     99      0.0    236.0    1.9    141.8      0.0   1545.0   0.367
20260328012131     99    610.0    780.0    0.6    129.1   1615.3   1554.2   0.405
20260328004752    237    646.0   1800.0    9.3    194.9   1993.4   2020.6   0.858
20260328012131    237      0.0   1800.0    5.8    160.2      0.0   1990.3   0.693
20260328015509     87      0.0   1800.0    8.1    192.1      0.0   1527.7   0.721
20260328022846     87      0.0   1800.0   16.9    130.9      0.0   1515.6   0.752
20260328030226     87    205.0   1800.0   20.0    124.7   1639.0   1538.2   0.845
20260328022846      6    993.0   1165.0   10.2    134.4   1795.3   1779.0   0.460
20260328022846      6   1270.0   1644.0    1.0    143.6   1776.1   1628.2   0.217
20260328022846      6   1681.0   1800.0   10.3    167.8   1622.7   1558.6   0.759
20260328030226     98      1.0    245.0    3.9    288.7   1689.0   1596.5   0.705
20260328030226     98    300.0   1095.0    4.2    291.6   1602.3   1599.0   0.769
20260328030226     98   1132.0   1520.0    3.6    225.0   1605.1   1570.7   0.776
20260328030226     98   1594.0   1800.0    3.0    218.2   1559.9   1598.1   0.706
20260328033606     98      1.0    725.0    2.2    203.9   1768.5   1620.4   0.736
20260328033606     98    787.0    909.0    2.1    200.9   1632.3   1626.9   0.741
20260328040944    101   1260.0   1743.0    4.5    281.3   1504.2   1399.2   0.729
20260328051659    125   1618.0   1800.0    7.7    130.8   1481.7   1492.5   0.684
20260328065714    227    591.0    818.0   20.0    108.0   1854.3   1877.8   0.859

========================================================================
  End of report
========================================================================
