========================================================================
  STEP NOISE FINDER — SCAN REPORT
========================================================================

Date:       2026-05-22 12:52:55
Folder:     E:/Data/Complete_Runs\HAK04-008B-02L64869w15-205B16a
Files:      32
            - HAK04-008B-02L64869w15-205B16a-OHMX205-UNO256_205_20260403154431_Baseline.tdd
            - HAK04-008B-02L64869w15-205B16a-OHMX205-UNO256_205_20260403154950_Baseline.tdd
            - HAK04-008B-02L64869w15-205B16a-OHMX205-UNO256_205_20260403162311_Baseline.tdd
            - HAK04-008B-02L64869w15-205B16a-OHMX205-UNO256_205_20260403165630_Baseline.tdd
            - HAK04-008B-02L64869w15-205B16a-OHMX205-UNO256_205_20260403172948_Baseline.tdd
            - HAK04-008B-02L64869w15-205B16a-OHMX205-UNO256_205_20260403180307_Baseline.tdd
            - HAK04-008B-02L64869w15-205B16a-OHMX205-UNO256_205_20260403183625_Baseline.tdd
            - HAK04-008B-02L64869w15-205B16a-OHMX205-UNO256_205_20260403190945_Baseline.tdd
            - HAK04-008B-02L64869w15-205B16a-OHMX205-UNO256_205_20260403194304_Baseline.tdd
            - HAK04-008B-02L64869w15-205B16a-OHMX205-UNO256_205_20260403201624_Baseline.tdd
            - HAK04-008B-02L64869w15-205B16a-OHMX205-UNO256_205_20260403204943_Baseline.tdd
            - HAK04-008B-02L64869w15-205B16a-OHMX205-UNO256_205_20260403212301_Baseline.tdd
            - HAK04-008B-02L64869w15-205B16a-OHMX205-UNO256_205_20260403215619_Baseline.tdd
            - HAK04-008B-02L64869w15-205B16a-OHMX205-UNO256_205_20260403222940_Baseline.tdd
            - HAK04-008B-02L64869w15-205B16a-OHMX205-UNO256_205_20260403230259_Baseline.tdd
            - HAK04-008B-02L64869w15-205B16a-OHMX205-UNO256_205_20260403233619_Baseline.tdd
            - HAK04-008B-02L64869w15-205B16a-OHMX205-UNO256_205_20260404000939_Baseline.tdd
            - HAK04-008B-02L64869w15-205B16a-OHMX205-UNO256_205_20260404004257_Baseline.tdd
            - HAK04-008B-02L64869w15-205B16a-OHMX205-UNO256_205_20260404011616_Baseline.tdd
            - HAK04-008B-02L64869w15-205B16a-OHMX205-UNO256_205_20260404014933_Baseline.tdd
            - HAK04-008B-02L64869w15-205B16a-OHMX205-UNO256_205_20260404022250_Baseline.tdd
            - HAK04-008B-02L64869w15-205B16a-OHMX205-UNO256_205_20260404025609_Baseline.tdd
            - HAK04-008B-02L64869w15-205B16a-OHMX205-UNO256_205_20260404032926_Baseline.tdd
            - HAK04-008B-02L64869w15-205B16a-OHMX205-UNO256_205_20260404040242_Baseline.tdd
            - HAK04-008B-02L64869w15-205B16a-OHMX205-UNO256_205_20260404043600_Baseline.tdd
            - HAK04-008B-02L64869w15-205B16a-OHMX205-UNO256_205_20260404050917_Baseline.tdd
            - HAK04-008B-02L64869w15-205B16a-OHMX205-UNO256_205_20260404054234_Baseline.tdd
            - HAK04-008B-02L64869w15-205B16a-OHMX205-UNO256_205_20260404061552_Baseline.tdd
            - HAK04-008B-02L64869w15-205B16a-OHMX205-UNO256_205_20260404064909_Baseline.tdd
            - HAK04-008B-02L64869w15-205B16a-OHMX205-UNO256_205_20260404072227_Baseline.tdd
            - HAK04-008B-02L64869w15-205B16a-OHMX205-UNO256_205_20260404075543_Baseline.tdd
            - HAK04-008B-02L64869w15-205B16a-OHMX205-UNO256_205_20260404082859_Baseline.tdd

Parameters:
  Amplitude  >= 50.0 mV
  Frequency     0.5 - 20.0 Hz
  Periodicity >= 0.2
  Gap merge  <= 30.0 s

========================================================================
  SUMMARY
========================================================================

  Channels with step noise: 24
  Total segments detected:  41
  Files with detections:    19

========================================================================
  DETECTIONS
========================================================================

File               Ch    Start      End   Freq      Amp    PreBL   PostBL  Period
---------------------------------------------------------------------------------
20260403154950    150    635.0    647.0   11.1     51.8    487.8    475.9   0.201
20260403183625    150   1021.0   1550.0   20.0     76.2    640.7    707.0   0.545
20260403183625    150   1586.0   1608.0   20.0     65.4    699.1    699.2   0.421
20260403190945    150    653.0    675.0   20.0     54.0    631.9    637.3   0.518
20260403190945    150   1115.0   1160.0   20.0     54.8    642.8    633.6   0.492
20260403190945    150   1217.0   1250.0   20.0     53.4    633.3    643.1   0.509
20260403194304    150    165.0    175.0   20.0     51.0    636.7    644.6   0.594
20260403194304    150    510.0    520.0   20.0     51.8    640.1    649.7   0.468
20260403194304    150    765.0    775.0   20.0     55.4    664.7    661.5   0.497
20260403194304    150    900.0    910.0   20.0     52.1    659.0    659.6   0.506
20260403194304    150   1030.0   1040.0   20.0     52.4    666.1    662.6   0.416
20260403194304    150   1115.0   1125.0   20.0     52.6    658.0    666.0   0.449
20260403194304    150   1535.0   1580.0   20.0     50.7    675.3    669.9   0.537
20260403183625    207    190.0    326.0    1.3     59.5   1736.4   1752.0   0.292
20260403190945    144    422.0    994.0   10.9     74.8   1558.8   1622.0   0.645
20260403190945    189    194.0    292.0   11.3    105.6   1746.0   1731.9   0.540
20260403190945    189    390.0    400.0    0.5     52.5   1737.3   1733.5   0.275
20260403201624    227    320.0    330.0    1.1     55.6   2068.6   2067.1   0.243
20260403204943    234    295.0    313.0    0.7     87.3   1952.9   1952.3   0.204
20260403204943    234    371.0    489.0    0.6    100.2   1955.9   1972.1   0.206
20260403204943    234    773.0    833.0    1.0     79.4   1982.3   1977.0   0.316
20260403204943    234    869.0   1090.0    0.7     80.5   1969.8   1941.5   0.293
20260403215619    117    146.0    329.0    6.0    492.3   1676.2   1656.6   0.451
20260403222940     82    453.0    510.0   16.7     92.8   1577.4   1572.6   0.245
20260403230259    184    759.0   1799.0   19.1     95.9   1937.7   1944.9   0.820
20260404011616     64      0.0    924.0   20.0    140.6      0.0   1681.9   0.776
20260404011616     64    958.0   1799.0   19.9    135.7   1671.8   1663.8   0.838
20260404011616    216      0.0   1800.0    3.5    189.9      0.0   2134.4   0.474
20260404014933    216      0.0   1800.0   15.1    185.8      0.0   2117.9   0.721
20260404022250    216      0.0   1800.0   20.0    199.4      0.0   2158.0   0.810
20260404025609    216      0.0   1800.0   20.0    273.2      0.0   2158.3   0.787
20260404032926    216      0.0   1799.0   20.0    206.0      0.0   2182.9   0.812
20260404040242    216      0.0   1800.0   20.0    219.5      0.0   2182.1   0.848
20260404043600    216      0.0   1800.0   20.0    208.5      0.0   2236.6   0.825
20260404054234    161    670.0    680.0    0.8     51.0   1279.3   1292.9   0.320
20260404072227    161   1780.0   1790.0    2.3     57.5   1193.6   1213.1   0.209
20260404064909     48      0.0    158.0    1.3    172.4      0.0    559.7   0.205
20260404064909     48    414.0    553.0    1.0    161.2    536.5    538.6   0.223
20260404064909     48   1285.0   1361.0    0.8    158.0    526.8    553.8   0.218
20260404064909     48   1445.0   1799.0    0.6    174.4    528.7    561.2   0.211
20260404072227     48      1.0    141.0    0.7    158.2    586.4    557.9   0.224

========================================================================
  End of report
========================================================================
