========================================================================
  STEP NOISE FINDER — SCAN REPORT
========================================================================

Date:       2026-05-05 15:23:18
Folder:     E:/Data/Complete_Runs/HAK04-008B-02L64869w15-205B16a
Files:      32
            - HAK04-008B-02L64869w15-205B16a-OHMX205-UNO256_205_20260403154431_Baseline.tdd
            - HAK04-008B-02L64869w15-205B16a-OHMX205-UNO256_205_20260403154950_Baseline.tdd
            - HAK04-008B-02L64869w15-205B16a-OHMX205-UNO256_205_20260403162311_Baseline.tdd
            - HAK04-008B-02L64869w15-205B16a-OHMX205-UNO256_205_20260403165630_Baseline.tdd
            - HAK04-008B-02L64869w15-205B16a-OHMX205-UNO256_205_20260403172948_Baseline.tdd
            - HAK04-008B-02L64869w15-205B16a-OHMX205-UNO256_205_20260403180307_Baseline.tdd
            - HAK04-008B-02L64869w15-205B16a-OHMX205-UNO256_205_20260403183625_Baseline.tdd
            - HAK04-008B-02L64869w15-205B16a-OHMX205-UNO256_205_20260403190945_Baseline.tdd
            - HAK04-008B-02L64869w15-205B16a-OHMX205-UNO256_205_20260403194304_Baseline.tdd
            - HAK04-008B-02L64869w15-205B16a-OHMX205-UNO256_205_20260403201624_Baseline.tdd
            - HAK04-008B-02L64869w15-205B16a-OHMX205-UNO256_205_20260403204943_Baseline.tdd
            - HAK04-008B-02L64869w15-205B16a-OHMX205-UNO256_205_20260403212301_Baseline.tdd
            - HAK04-008B-02L64869w15-205B16a-OHMX205-UNO256_205_20260403215619_Baseline.tdd
            - HAK04-008B-02L64869w15-205B16a-OHMX205-UNO256_205_20260403222940_Baseline.tdd
            - HAK04-008B-02L64869w15-205B16a-OHMX205-UNO256_205_20260403230259_Baseline.tdd
            - HAK04-008B-02L64869w15-205B16a-OHMX205-UNO256_205_20260403233619_Baseline.tdd
            - HAK04-008B-02L64869w15-205B16a-OHMX205-UNO256_205_20260404000939_Baseline.tdd
            - HAK04-008B-02L64869w15-205B16a-OHMX205-UNO256_205_20260404004257_Baseline.tdd
            - HAK04-008B-02L64869w15-205B16a-OHMX205-UNO256_205_20260404011616_Baseline.tdd
            - HAK04-008B-02L64869w15-205B16a-OHMX205-UNO256_205_20260404014933_Baseline.tdd
            - HAK04-008B-02L64869w15-205B16a-OHMX205-UNO256_205_20260404022250_Baseline.tdd
            - HAK04-008B-02L64869w15-205B16a-OHMX205-UNO256_205_20260404025609_Baseline.tdd
            - HAK04-008B-02L64869w15-205B16a-OHMX205-UNO256_205_20260404032926_Baseline.tdd
            - HAK04-008B-02L64869w15-205B16a-OHMX205-UNO256_205_20260404040242_Baseline.tdd
            - HAK04-008B-02L64869w15-205B16a-OHMX205-UNO256_205_20260404043600_Baseline.tdd
            - HAK04-008B-02L64869w15-205B16a-OHMX205-UNO256_205_20260404050917_Baseline.tdd
            - HAK04-008B-02L64869w15-205B16a-OHMX205-UNO256_205_20260404054234_Baseline.tdd
            - HAK04-008B-02L64869w15-205B16a-OHMX205-UNO256_205_20260404061552_Baseline.tdd
            - HAK04-008B-02L64869w15-205B16a-OHMX205-UNO256_205_20260404064909_Baseline.tdd
            - HAK04-008B-02L64869w15-205B16a-OHMX205-UNO256_205_20260404072227_Baseline.tdd
            - HAK04-008B-02L64869w15-205B16a-OHMX205-UNO256_205_20260404075543_Baseline.tdd
            - HAK04-008B-02L64869w15-205B16a-OHMX205-UNO256_205_20260404082859_Baseline.tdd

Parameters:
  Amplitude  >= 50.0 mV
  Frequency     0.1 - 20.0 Hz
  Periodicity >= 0.2
  Gap merge  <= 30.0 s

========================================================================
  SUMMARY
========================================================================

  Channels with step noise: 253
  Total segments detected:  408
  Files with detections:    32

========================================================================
  DETECTIONS
========================================================================

File               Ch    Start      End   Freq      Amp    PreBL   PostBL  Period
---------------------------------------------------------------------------------
20260403154431    150     15.0     30.0    1.4     60.0    510.6    514.6   0.000
20260403154950    150    395.0    425.0    4.8     54.9    471.8    469.6   0.000
20260403154950    150    575.0    585.0    4.7     50.1    485.2    484.0   0.000
20260403154950    150    620.0    655.0    3.8     60.9    487.1    477.7   0.000
20260403154950    150   1020.0   1305.0    3.5    109.3    467.4    456.1   0.000
20260403154950    150   1365.0   1380.0    4.8     52.4    446.4    448.8   0.000
20260403154950    150   1440.0   1795.0    4.8    105.5    446.9    446.2   0.000
20260403162311    150      0.0    470.0    4.9     83.3      0.0    458.5   0.000
20260403162311    150    515.0    550.0    4.9     54.4    458.0    458.5   0.000
20260403162311    150    745.0    760.0    1.1     81.1    475.7    475.0   0.000
20260403162311    150   1195.0   1205.0    2.6     50.8    484.9    490.7   0.000
20260403162311    150   1710.0   1740.0    1.6     54.0    534.4    555.8   0.000
20260403162311    150   1780.0   1795.0    2.5     50.3    549.1    554.2   0.000
20260403165630    150     20.0     60.0    1.9     59.2    544.1    545.7   0.000
20260403165630    150    215.0    250.0    1.1     82.2    574.5    575.6   0.000
20260403165630    150    315.0    330.0    1.1     50.1    560.2    559.1   0.000
20260403172948    150      0.0   1800.0    8.0    107.1      0.0    575.2   0.000
20260403180307    150      0.0   1800.0    7.6    125.4      0.0    625.4   0.000
20260403183625    150      0.0   1800.0    3.9    127.3      0.0    696.0   0.000
20260403190945    150      5.0     15.0    2.2     51.5    606.0    600.8   0.000
20260403190945    150     90.0    155.0    3.9     54.5    601.1    639.6   0.000
20260403190945    150    205.0    340.0    3.8     64.9    641.0    622.9   0.000
20260403190945    150    375.0    510.0    4.1     55.4    618.7    632.9   0.000
20260403190945    150    555.0    585.0    4.6     51.0    635.0    634.8   0.000
20260403190945    150    635.0    735.0    4.3     56.8    635.4    645.8   0.000
20260403190945    150    780.0    835.0    4.5     53.3    633.9    626.7   0.000
20260403190945    150    920.0    935.0    2.1    101.5    626.5    634.6   0.000
20260403190945    150   1055.0   1280.0    4.3     91.9    639.3    642.8   0.000
20260403190945    150   1355.0   1385.0    4.8     51.9    640.8    648.0   0.000
20260403190945    150   1425.0   1625.0    4.4     72.4    645.0    640.5   0.000
20260403190945    150   1665.0   1680.0    4.2     53.2    637.9    640.1   0.000
20260403190945    150   1750.0   1800.0    4.7     59.0    645.1    632.1   0.000
20260403194304    150    115.0    225.0    5.1     76.1    614.8    628.3   0.000
20260403194304    150    295.0    305.0    4.0     52.2    634.5    628.8   0.000
20260403194304    150    360.0    375.0    4.9     50.2    630.0    639.1   0.000
20260403194304    150    505.0    545.0    3.8     53.0    646.4    651.0   0.000
20260403194304    150    580.0    640.0    5.2     64.6    655.0    656.4   0.000
20260403194304    150    675.0   1075.0    4.4     71.6    651.8    664.7   0.000
20260403194304    150   1115.0   1135.0    5.4     52.6    658.0    666.0   0.000
20260403194304    150   1175.0   1185.0    4.6     50.0    664.5    659.9   0.000
20260403194304    150   1315.0   1450.0    3.8     78.6    668.6    668.1   0.000
20260403194304    150   1515.0   1675.0    4.5     53.5    671.2    660.9   0.000
20260403194304    150   1735.0   1800.0    4.2     53.1    665.4    661.4   0.000
20260403201624    150     85.0    205.0    4.5     61.8    623.9    649.7   0.000
20260403201624    150    255.0    265.0    4.5     52.4    660.1    650.0   0.000
20260403201624    150    305.0    440.0    1.9     62.5    638.8    659.7   0.000
20260403201624    150    615.0    755.0    1.6    113.0    666.0    666.5   0.000
20260403201624    150   1060.0   1075.0    2.0     51.8    656.9    656.3   0.000
20260403204943    150    220.0    235.0    1.1     78.9    640.0    639.7   0.000
20260403204943    150    973.0    985.0    1.3     59.7    663.6    659.2   0.000
20260403204943    150   1148.0   1165.0    1.6     52.7    666.7    675.2   0.000
20260403204943    150   1535.0   1652.0    1.4    115.4    683.5    675.4   0.000
20260403204943    150   1684.0   1791.0    1.6    116.9    678.4    575.8   0.000
20260403212301    150   1015.0   1030.0    1.2     62.9    703.4    702.6   0.000
20260403230259    150    295.0    305.0    1.1     53.7    696.3    692.4   0.000
20260403230259    150    650.0    660.0    1.1     50.3    713.7    710.1   0.000
20260403233619    150    200.0    210.0    1.2     60.7    713.8    710.5   0.000
20260403233619    150    250.0    290.0    1.1     91.8    708.1    634.8   0.000
20260403233619    150   1145.0   1155.0    1.2     50.7    604.5    595.7   0.000
20260403233619    150   1530.0   1540.0    1.2     58.1    603.1    595.4   0.000
20260403233619    150   1780.0   1795.0    1.2     69.8    635.0    618.6   0.000
20260404000939    150    730.0    740.0    1.2     69.4    604.5    622.0   0.000
20260404000939    150    880.0    895.0    1.5     58.6    617.1    629.8   0.000
20260404000939    150   1140.0   1150.0    1.0     52.2    600.9    628.5   0.000
20260404011616    150   1497.0   1520.0    1.1     51.4    658.3    658.0   0.000
20260404025609    150    195.0    210.0    1.3     50.6    638.4    627.1   0.000
20260404025609    150    600.0    615.0    1.3     59.2    644.8    656.0   0.000
20260404025609    150    730.0    745.0    1.2     51.1    644.3    644.0   0.000
20260404025609    150   1345.0   1360.0    1.0     84.7    660.8    655.0   0.000
20260404032926    150    130.0    145.0    1.1     55.7    641.0    641.7   0.000
20260404032926    150    975.0    985.0    1.4     50.7    665.8    671.6   0.000
20260404043600    150    425.0    435.0    1.1     57.2    691.2    688.1   0.000
20260404072227    150    435.0    450.0    1.1     51.2    663.2    669.9   0.000
20260404072227    150    530.0    540.0    1.7     56.7    670.8    676.1   0.000
20260404072227    150    905.0    915.0    1.4     51.7    682.5    685.0   0.000
20260404072227    150   1310.0   1335.0    1.0     52.8    687.1    687.4   0.000
20260404072227    150   1570.0   1585.0    1.1    102.6    683.8    689.1   0.000
20260404075543    150    471.0    500.0    1.2     50.6    677.4    675.6   0.000
20260404075543    150    535.0    545.0    1.1     57.6    684.4    677.2   0.000
20260404075543    150    760.0    775.0    1.2     50.4    679.9    680.8   0.000
20260404075543    150    815.0    830.0    1.4     50.5    680.2    680.2   0.000
20260404075543    150    900.0    915.0    1.2     70.1    680.8    681.4   0.000
20260404075543    150   1645.0   1660.0    1.6    104.6    678.1    674.6   0.000
20260404082859    150     40.0     55.0    1.4     50.2    641.2    640.7   0.000
20260404082859    150    540.0    550.0    1.2     57.0    680.9    676.7   0.000
20260404082859    150    595.0    610.0    1.2     97.4    671.6    676.1   0.000
20260404082859    150    775.0    790.0    1.1    104.6    672.7    671.0   0.000
20260404082859    150    905.0    920.0    1.1     54.5    670.2    674.9   0.000
20260404082859    150    960.0    975.0    1.0     58.5    672.2    670.8   0.000
20260403154950    161     75.0     95.0    2.0     59.5    884.1    872.2   0.000
20260403154950    161    180.0    265.0    3.5     57.0    891.4    918.7   0.000
20260403162311    161    801.0    815.0    1.0     52.5    908.4    897.3   0.000
20260403162311    161    910.0    920.0    1.1     58.5    906.9    899.0   0.000
20260403172948    161   1150.0   1160.0    1.3     54.4   1053.9   1051.5   0.000
20260403201624    161   1415.0   1800.0    1.9     85.5   1017.2   1112.8   0.000
20260404000939    161   1500.0   1510.0    1.2     59.0   1105.8   1094.1   0.000
20260404022250    161   1270.0   1305.0    1.5     55.8   1265.2   1266.9   0.000
20260404022250    161   1495.0   1510.0    1.5     52.1   1256.4   1252.4   0.000
20260404040242    161    770.0    800.0    1.1     59.4   1169.6   1168.6   0.000
20260404040242    161    935.0    945.0    1.2     53.7   1171.9   1194.5   0.000
20260404040242    161   1010.0   1030.0    1.9     60.2   1176.3   1181.1   0.000
20260404040242    161   1245.0   1295.0    2.5     57.8   1173.4   1165.6   0.000
20260404040242    161   1385.0   1401.0    1.2     57.6   1160.0   1212.8   0.000
20260404040242    161   1615.0   1625.0    1.2     52.5   1272.4   1193.4   0.000
20260404050917    161   1593.0   1610.0    2.0     55.5   1170.3   1183.7   0.000
20260404050917    161   1655.0   1700.0    1.7     85.2   1168.9   1182.5   0.000
20260404064909    161   1573.0   1590.0    2.1     56.8   1197.3   1264.8   0.000
20260404064909    161   1655.0   1755.0    1.4     78.5   1267.2   1267.2   0.000
20260404072227    161   1680.0   1690.0    1.1     65.9   1183.8   1212.8   0.000
20260404072227    161   1775.0   1790.0    2.0     57.5   1190.6   1213.1   0.000
20260404075543    161   1725.0   1741.0    1.6    103.8   1199.5   1203.3   0.000
20260403154950    239   1615.0   1625.0    1.1    210.4   1227.9   1229.3   0.000
20260403172948    239    110.0    125.0    1.1    276.9   1410.8   1245.7   0.000
20260403180307    239    230.0    242.0    1.1     60.9   1329.4   1250.8   0.000
20260404025609    239    265.0    280.0    1.4     67.7   1540.9   1293.4   0.000
20260404043600    239    730.0    740.0    1.1     69.7   1724.3   1275.2   0.000
20260403154950    255   1370.0   1380.0    1.0     50.7   1591.6   1630.2   0.000
20260403222940    255    870.0    880.0    1.0     74.9   1778.4   1974.4   0.000
20260403222940    255    964.0   1005.0    1.9    489.2   2159.9   2143.4   0.000
20260403162311     48      0.0     75.0    1.1     69.3      0.0    324.0   0.000
20260403162311     48    145.0    350.0    1.7    105.4    304.1    352.3   0.000
20260403165630     48   1300.0   1455.0    4.0    109.1    414.8    417.2   0.000
20260404050917     48   1180.0   1194.0    1.0     56.2    502.8    505.7   0.000
20260404050917     48   1560.0   1655.0    1.1     62.5    514.6    518.1   0.000
20260404054234     48     45.0     55.0    1.0     59.4    497.1    459.4   0.000
20260404061552     48    355.0    440.0    3.1    300.3    497.2    464.7   0.000
20260404061552     48    535.0    600.0    1.7    274.3    464.6    467.1   0.000
20260404061552     48    662.0    715.0    1.5    322.3    468.8    469.8   0.000
20260404061552     48    755.0    915.0    1.3    208.8    471.3    514.6   0.000
20260404061552     48    982.0   1046.0    3.1     64.2    497.5    553.0   0.000
20260404061552     48   1091.0   1105.0    3.4     68.5    538.6    576.1   0.000
20260404061552     48   1158.0   1290.0    2.1    120.8    551.7    500.4   0.000
20260404061552     48   1325.0   1409.0    2.2     80.0    500.7    594.7   0.000
20260404061552     48   1443.0   1499.0    1.4    112.1    497.2    569.3   0.000
20260404061552     48   1571.0   1799.0    3.0    138.1    562.0    606.0   0.000
20260404064909     48      0.0    335.0    1.8    235.5      0.0    535.3   0.000
20260404064909     48    410.0   1000.0    1.7    231.1    536.5    541.4   0.000
20260404064909     48   1080.0   1205.0    2.1    219.6    524.4    529.7   0.000
20260404064909     48   1285.0   1365.0    2.6    202.8    526.8    533.2   0.000
20260404064909     48   1445.0   1800.0    2.8    211.3    528.7    553.5   0.000
20260404072227     48      0.0    145.0    2.8    224.8      0.0    536.3   0.000
20260404072227     48    205.0    995.0    5.8    247.2    556.2    580.2   0.000
20260404072227     48   1040.0   1055.0    2.0     76.8    578.5    578.1   0.000
20260404072227     48   1115.0   1175.0    2.5     78.8    577.8    574.0   0.000
20260404072227     48   1240.0   1475.0    5.4     79.4    580.2    584.9   0.000
20260404072227     48   1530.0   1665.0    4.8     87.9    585.3    588.8   0.000
20260404072227     48   1780.0   1800.0    5.6     84.6    584.1    577.5   0.000
20260404075543     48    120.0    134.0    1.5     51.8    570.1    571.7   0.000
20260404075543     48    308.0   1075.0    1.3    138.8    560.7    560.9   0.000
20260404075543     48   1215.0   1250.0    1.2     53.2    558.0    560.2   0.000
20260404075543     48   1380.0   1395.0    1.9     50.6    563.5    563.4   0.000
20260404075543     48   1470.0   1520.0    1.2     50.9    565.0    568.2   0.000
20260404075543     48   1755.0   1765.0    1.0     51.4    572.5    568.9   0.000
20260403162311     78    560.0    640.0    3.1    101.7   1623.1   1629.2   0.000
20260403162311    111   1678.0   1698.0    1.1     53.1   1094.2   1295.8   0.000
20260403162311    135   1602.0   1620.0    1.0     54.3   1030.9   1028.3   0.000
20260403190945    135    120.0    189.0    2.5     55.4   1542.1   1598.7   0.000
20260403201624    135    595.0   1800.0    1.1    127.7   1641.5   1528.7   0.000
20260403162311    136    855.0    870.0    1.5     62.7   1484.7   1446.5   0.000
20260403162311    136    970.0    989.0    1.9     53.3   1476.7   1497.1   0.000
20260403162311    184     80.0     96.0    1.1     71.7   1103.1   1386.2   0.000
20260403222940    184    520.0    535.0    1.0     72.5   1151.5   1275.8   0.000
20260403230259    184      0.0    145.0    1.8    123.9      0.0   1889.2   0.000
20260403230259    184    421.0    440.0    1.1     61.6   1913.1   1875.7   0.000
20260403230259    184    495.0    615.0    2.3    100.3   1926.2   1888.3   0.000
20260403230259    184    650.0    660.0    1.1     68.0   1928.7   1894.1   0.000
20260403230259    184    700.0   1800.0    4.3     98.7   1894.5   1944.7   0.000
20260403233619    184      0.0    533.0    1.1    154.2      0.0   1923.6   0.000
20260404011616    184    225.0    240.0    1.1     50.3   1314.5   1376.4   0.000
20260403162311    215      0.0     14.0    1.2     56.8      0.0   1178.1   0.000
20260403190945    215    835.0    845.0    1.0     52.7   1188.3   1470.8   0.000
20260403190945    215   1095.0   1155.0    1.5    114.5   1786.9   1787.2   0.000
20260403190945    215   1200.0   1260.0    1.8    418.5   1783.7   1777.5   0.000
20260403194304    215    160.0    294.0    4.2    489.0   1779.5   1835.3   0.000
20260403165630     18    681.0    700.0    2.0     55.5   1143.4   1315.2   0.000
20260404022250     18   1550.0   1565.0    1.2     52.2   1138.4   1447.0   0.000
20260404054234     18    360.0    370.0    1.1     60.0   1353.8   1497.2   0.000
20260403165630    214   1720.0   1730.0    1.0     57.8   1428.3   1430.4   0.000
20260403172948      1   1715.0   1730.0    1.0    162.1   1235.2   1155.7   0.000
20260403190945      1   1400.0   1415.0    1.2     52.4   1169.8   1360.4   0.000
20260403233619      1    554.0    570.0    1.1    153.8   1186.4   1320.9   0.000
20260403172948     15   1595.0   1605.0    1.0     50.4   1262.1   1250.4   0.000
20260403172948     31   1775.0   1785.0    1.0    166.2   1191.9   1092.4   0.000
20260404050917     31    635.0    649.0    1.4     55.0   1125.6   1132.8   0.000
20260403172948    246     30.0     50.0    1.6     67.3   1865.6   1647.7   0.000
20260403180307    246     10.0     40.0    1.4     69.2   1754.3   1586.3   0.000
20260403180307    246    150.0    165.0    1.0    135.3   1318.2   1696.2   0.000
20260403180307     41     50.0     65.0    3.8     54.9   1621.1   1617.3   0.000
20260403180307     41    110.0    223.0    1.9    287.0   1626.5   1683.7   0.000
20260403180307    109      0.0     25.0    3.1     72.0      0.0   1602.2   0.000
20260403180307    189    830.0    860.0    2.5     59.1   1797.0   1817.6   0.000
20260403190945    189    160.0    400.0    4.2    105.6   1692.8   1733.5   0.000
20260403190945    189    525.0    612.0    1.4    131.8   1726.9   1759.5   0.000
20260403180307    248    220.0    240.0    1.0    161.3   1313.2   1313.8   0.000
20260403233619    248    415.0    425.0    1.1     62.6   2105.6   2081.4   0.000
20260404000939    248      0.0     82.0    2.0    102.2      0.0   2124.1   0.000
20260403183625     97    330.0    340.0    1.1    113.7   1372.5   1048.0   0.000
20260403215619     97    505.0    523.0    1.0     57.9   1057.8   1059.8   0.000
20260403183625    202     52.0     75.0    1.1     60.6   1161.4   1724.7   0.000
20260403190945    202    655.0    670.0    3.8     55.8   1879.6   1887.7   0.000
20260404050917    202    430.0    450.0    1.0     94.1   1258.5   1190.9   0.000
20260403183625    207    180.0    325.0    1.9     87.4   1718.9   1708.3   0.000
20260403183625    207    365.0    380.0    1.1     57.6   1711.5   1714.1   0.000
20260403183625    224    395.0    435.0    1.4     60.6   1358.0   1559.0   0.000
20260404011616    224   1185.0   1200.0    1.2    128.5   1496.7   1243.7   0.000
20260403183625    231    248.0    265.0    1.0    162.6   1243.5   1243.0   0.000
20260403190945      7    280.0    295.0    1.2     85.3   1378.1   1594.9   0.000
20260403230259      7    925.0    940.0    1.4    236.0   1157.3   1160.1   0.000
20260403190945     57   1610.0   1622.0    1.3     51.0   1071.2   1072.1   0.000
20260404032926     57    765.0    775.0    1.0    152.3   1098.2   1331.8   0.000
20260403190945    124   1090.0   1105.0    1.0     50.9   1047.4   1046.0   0.000
20260403204943    124     90.0    115.0    1.8     84.1   1390.9   1497.5   0.000
20260403190945    144    360.0    994.0    1.6    203.9   1550.2   1622.0   0.000
20260403190945    144   1042.0   1074.0    1.1     64.4   1591.0   1514.3   0.000
20260403190945    144   1140.0   1150.0    1.0    173.8   1527.8   1530.2   0.000
20260404040242    144     10.0     25.0    1.4     67.7   1082.8   1346.0   0.000
20260403190945    152    555.0    619.0    1.8     89.8   1603.2   1680.1   0.000
20260403190945    216    990.0   1000.0    1.3     71.6   1367.5   1449.1   0.000
20260403230259    216    950.0    960.0    1.3    311.3   1213.3   1223.5   0.000
20260404011616    216      0.0   1800.0    3.2    192.9      0.0   2134.4   0.000
20260404014933    216      0.0   1800.0    6.4    228.3      0.0   2117.9   0.000
20260404022250    216      0.0   1800.0    4.5    199.4      0.0   2158.0   0.000
20260404025609    216      0.0   1800.0    5.9    273.2      0.0   2158.3   0.000
20260404032926    216      0.0   1800.0    5.8    210.3      0.0   2182.0   0.000
20260404040242    216      0.0   1800.0    4.7    219.5      0.0   2182.1   0.000
20260404043600    216      0.0   1800.0    4.5    250.9      0.0   2236.6   0.000
20260404054234    216      0.0   1655.0    1.3    190.4      0.0   2245.1   0.000
20260404054234    216   1719.0   1800.0    1.5    160.4   2255.8   2242.0   0.000
20260403190945    225    560.0    575.0    1.1    131.1   1297.4   1627.1   0.000
20260403190945    240    711.0    730.0    1.1     65.4   1313.2   1675.4   0.000
20260403194304    240     35.0     45.0    1.1     59.4   1554.1   1575.6   0.000
20260403194304    240    575.0    590.0    5.0     51.5   1937.4   1789.5   0.000
20260404022250    240    315.0    330.0    1.1     57.7   1271.3   1270.0   0.000
20260403194304     32     45.0     60.0    1.0     63.4   1293.3   1310.5   0.000
20260403194304     35    185.0    195.0    1.1    112.9   1138.7   1131.5   0.000
20260403194304     49   1210.0   1225.0    1.0     81.0   1178.0   1246.0   0.000
20260404004257     49   1190.0   1205.0    1.1     61.7   1068.8   1100.3   0.000
20260403194304     71     60.0     70.0    1.0     86.3   1050.7   1053.8   0.000
20260403194304     83    235.0    258.0    1.1     66.5   1041.4   1041.4   0.000
20260403194304     83    455.0    470.0    1.1     55.4   1040.9   1299.4   0.000
20260403222940     83    545.0    560.0    1.1     85.5   1054.5   1057.1   0.000
20260403194304    160    645.0    660.0    1.1     53.0   1637.8   1647.5   0.000
20260403222940    160    970.0    980.0    1.0     70.6   1711.0   1707.7   0.000
20260403194304    203    365.0    375.0    1.0     60.0   1213.2   1243.1   0.000
20260403194304    227    510.0    525.0    1.1     52.3   1222.3   1492.5   0.000
20260403201624    227    315.0    330.0    4.1     55.6   2068.6   2067.1   0.000
20260403194304    242    430.0    440.0    1.2     98.7   1498.7   1501.4   0.000
20260403194304    242    590.0    613.0    1.0     56.1   1576.2   1533.7   0.000
20260403194304    242   1510.0   1522.0    1.0     62.3   1458.0   1283.9   0.000
20260403222940    242      0.0     47.0    1.4     71.5      0.0   2226.7   0.000
20260403222940    242     95.0    120.0    1.4     79.1   2201.5   2216.0   0.000
20260403222940    242   1050.0   1075.0    1.3     56.2   2277.5   2268.8   0.000
20260403222940    242   1515.0   1535.0    1.4     56.4   2283.1   2271.6   0.000
20260403194304    243   1295.0   1316.0    1.5     60.5   1269.8   1266.3   0.000
20260403215619    243   1225.0   1235.0    1.0    123.1   1277.8   1278.5   0.000
20260403201624     85   1378.0   1395.0    1.1    279.4   1579.1   1622.1   0.000
20260403201624    201   1775.0   1790.0    1.1     72.0   1211.3   1190.3   0.000
20260403212301    201    200.0    225.0    1.6    136.7   1328.6   1347.9   0.000
20260403201624    205   1475.0   1490.0    1.2     68.1   1167.2   1171.0   0.000
20260404014933    205    230.0    245.0    1.0    105.6   1423.2   1541.2   0.000
20260403201624    217     25.0     35.0    1.1    123.8   1391.5   1194.8   0.000
20260404011616    217   1700.0   1710.0    1.5     70.0   1342.8   1485.0   0.000
20260403204943      3    600.0    610.0    1.0     55.9   1532.9   1558.0   0.000
20260404004257      3    965.0    980.0    1.0    159.0   1160.9   1173.3   0.000
20260404011616      3    590.0    600.0    1.0     55.6   1171.8   1250.2   0.000
20260404054234      3    890.0    905.0    1.3     81.1   1258.6   1491.9   0.000
20260403204943     12    650.0    660.0    1.2     51.7   1237.3   1275.6   0.000
20260403222940     12    530.0    545.0    2.0     85.3   1693.8   1758.3   0.000
20260404043600     12    965.0    980.0    1.1     53.6   1166.0   1160.1   0.000
20260404064909     12   1685.0   1706.0    1.1    103.4   1171.0   1158.4   0.000
20260403204943     22    120.0    134.0    1.1     69.7   1351.1   1138.0   0.000
20260403204943     50   1165.0   1175.0    1.0    193.7   1222.9   1232.7   0.000
20260403204943     52      0.0    145.0    1.4    118.5      0.0   1684.5   0.000
20260403204943     52   1045.0   1073.0    2.8    157.3   1678.2   1683.0   0.000
20260403204943     52   1133.0   1179.0    1.4    150.7   1669.1   1713.8   0.000
20260403204943     52   1213.0   1310.0    1.6    150.3   1705.0   1707.7   0.000
20260403204943     67     25.0     35.0    1.0     53.8   1050.3   1361.3   0.000
20260403204943     92    685.0    780.0    1.1     57.8   1654.0   1653.4   0.000
20260403204943     92   1415.0   1435.0    1.0     53.6   1620.7   1673.3   0.000
20260403212301     92      0.0     10.0    1.1     58.2      0.0   1640.2   0.000
20260404025609     92    520.0    535.0    1.0     77.6   1042.7   1273.2   0.000
20260403204943    114   1240.0   1255.0    1.2     55.0   1080.5   1081.2   0.000
20260403204943    117    305.0    320.0    2.2     68.2   1638.8   1665.8   0.000
20260403215619    117    120.0    330.0    4.2    533.1   1651.2   1656.6   0.000
20260403204943    149    505.0    515.0    1.3     53.9   1171.3   1269.3   0.000
20260403204943    196    420.0    745.0    2.2    738.6   1701.2   1743.6   0.000
20260403204943    196    805.0    853.0    3.6     91.5   1747.5   1796.4   0.000
20260403204943    234      1.0    290.0    3.1    100.0   1886.5   1946.1   0.000
20260403204943    234    330.0    700.0    2.8    100.2   1959.1   1962.7   0.000
20260403204943    234    765.0   1150.0    1.8    113.6   1965.7   1965.3   0.000
20260403204943    234   1345.0   1391.0    1.6     68.6   1964.9   1975.7   0.000
20260403204943    234   1555.0   1591.0    1.3     80.2   2094.5   1983.5   0.000
20260403204943    234   1665.0   1732.0    1.1     68.0   1967.9   1973.6   0.000
20260403212301    234      4.0     46.0    1.1     79.1   1958.5   2053.8   0.000
20260403230259    234    139.0   1293.0    1.1    111.5   2271.8   2292.7   0.000
20260403212301     55   1475.0   1490.0    1.3     68.3   1169.0   1138.6   0.000
20260403212301    163      0.0     10.0    1.4    117.2      0.0   1599.0   0.000
20260403212301    163    175.0    279.0    1.2    285.2   1619.7   1695.8   0.000
20260403212301    192     24.0     40.0    2.3     55.8   1141.3   1552.0   0.000
20260403212301    213    965.0    980.0    1.0    288.5   1196.2   1191.5   0.000
20260403212301    237    280.0    296.0    1.0     51.1   1251.4   1585.4   0.000
20260403215619     20     95.0    110.0    1.7     56.5   1275.6   1309.1   0.000
20260403215619    105    138.0    150.0    1.0     87.2   1158.7   1407.9   0.000
20260403215619    219    825.0    840.0    1.0    129.1   1211.6   1210.7   0.000
20260403233619    219    175.0    187.0    1.3     60.2   1212.1   1514.8   0.000
20260404025609    219    545.0    555.0    1.4     62.8   1224.6   1567.9   0.000
20260403215619    223     20.0     43.0    1.0     72.6   1229.2   1229.8   0.000
20260403215619    232     10.0     25.0    1.1     51.5   1309.4   1506.3   0.000
20260403222940     36    970.0    980.0    1.2     50.4   1167.8   1212.9   0.000
20260404022250     36   1041.0   1060.0    1.0    100.4   1124.8   1136.7   0.000
20260404032926     36    645.0    660.0    1.0     60.8   1118.4   1128.2   0.000
20260403222940     82    444.0    510.0    6.5     92.8   1581.4   1572.6   0.000
20260403230259     82   1055.0   1077.0    1.3    225.4   1414.4   1604.4   0.000
20260403222940    127    325.0    335.0    1.3    102.5   1137.9   1065.6   0.000
20260403222940    185    960.0    970.0    1.0     51.8   1221.4   1380.3   0.000
20260403222940    194    220.0    230.0    1.1     71.4   1319.2   1412.9   0.000
20260403222940    236   1536.0   1550.0    2.2     51.9   1482.3   1733.4   0.000
20260403230259     64    945.0    955.0    1.1     77.1   1059.3   1057.8   0.000
20260404000939     64    655.0    665.0    1.4     51.7   1565.6   1588.4   0.000
20260404004257     64   1570.0   1800.0    1.5    112.4   1639.7   1681.2   0.000
20260404011616     64      0.0   1800.0    2.0    175.6      0.0   1663.8   0.000
20260404014933     64    383.0    929.0    1.0     80.5   1640.6   1743.4   0.000
20260404025609     64    330.0    340.0    2.4     50.4   1621.8   1626.1   0.000
20260404032926     64   1265.0   1286.0    1.2    200.3   1619.0   1643.1   0.000
20260404032926     64   1403.0   1430.0    1.5     66.8   1626.7   1591.3   0.000
20260403230259     79   1365.0   1379.0    1.2     70.3   1059.6   1071.6   0.000
20260403230259    244   1585.0   1600.0    1.0     71.2   1293.3   1372.5   0.000
20260404014933    244    850.0    860.0    1.0     55.7   1595.9   1580.3   0.000
20260404064909    244    730.0    745.0    1.0    173.3   1397.5   1332.8   0.000
20260403233619     26    455.0    465.0    1.2     59.3   1329.2   1421.9   0.000
20260404011616     26    250.0    265.0    1.0     78.4   1131.8   1121.6   0.000
20260403233619     62    355.0    370.0    1.0     67.5   1071.7   1345.4   0.000
20260403233619    106   1215.0   1230.0    1.2     60.8   1160.8   1310.4   0.000
20260403233619    122    590.0    600.0    1.1     66.5   1063.0   1360.1   0.000
20260403233619    125    790.0    805.0    1.0     73.8   1066.1   1067.4   0.000
20260404000939     16    295.0    310.0    2.0    201.4   1662.9   1823.8   0.000
20260404011616     16      0.0     15.0    1.1     67.7      0.0   1531.7   0.000
20260404000939     28   1200.0   1212.0    1.0     64.6   1121.8   1149.4   0.000
20260404000939     46   1510.0   1526.0    1.1    164.6   1293.2   1101.7   0.000
20260404050917     46    390.0    405.0    1.5    147.4   1399.3   1371.0   0.000
20260404000939    245   1695.0   1710.0    1.0     60.2   1422.6   1443.8   0.000
20260404025609    245     95.0    110.0    1.5     71.4   1451.0   1557.5   0.000
20260404000939    253    160.0    175.0    1.1     94.3   1510.7   1557.5   0.000
20260404004257     40     85.0    103.0    1.0     53.1   1333.5   1107.1   0.000
20260404050917     40   1790.0   1800.0    1.1     67.2   1244.5   1244.1   0.000
20260404054234     40    385.0    400.0    1.5     54.3   1242.3   1182.0   0.000
20260404054234     40    465.0    475.0    1.0     65.8   1211.2   1219.8   0.000
20260404061552     40    310.0    378.0    1.2     77.4   1146.5   1214.7   0.000
20260404061552     40    720.0    730.0    1.3     51.7   1209.9   1213.1   0.000
20260404061552     40   1696.0   1799.0    1.1     83.0   1217.0   1125.6   0.000
20260404064909     40    265.0    347.0    1.2     87.7   1270.9   1276.5   0.000
20260404064909     40    391.0    410.0    1.3     74.0   1269.5   1270.7   0.000
20260404064909     40    445.0    491.0    1.2     80.9   1250.6   1250.5   0.000
20260404072227     40   1592.0   1735.0    1.5     56.7   1238.4   1216.3   0.000
20260404072227     40   1770.0   1793.0    2.2     54.3   1199.0   1258.1   0.000
20260404075543     40     50.0     60.0    1.0     60.0   1276.7   1270.1   0.000
20260404075543     40    405.0    520.0    1.2     91.8   1199.8   1260.6   0.000
20260404075543     40    650.0    745.0    1.1     90.6   1262.4   1260.6   0.000
20260404075543     40    776.0    873.0    1.2     67.6   1264.8   1252.8   0.000
20260404075543     40    950.0   1000.0    1.2     92.6   1200.6   1247.9   0.000
20260404075543     40   1108.0   1219.0    1.3     91.5   1250.9   1223.7   0.000
20260404075543     40   1250.0   1276.0    1.2     79.7   1236.2   1257.5   0.000
20260404075543     40   1349.0   1373.0    1.9     60.6   1247.0   1229.2   0.000
20260404075543     40   1560.0   1575.0    1.4     52.3   1219.1   1220.8   0.000
20260404075543     40   1615.0   1655.0    1.1     56.9   1218.5   1236.2   0.000
20260404075543     40   1743.0   1767.0    1.2     66.4   1227.2   1216.7   0.000
20260404082859     40    175.0    185.0    1.1     52.6   1278.7   1259.5   0.000
20260404082859     40    230.0    246.0    1.3     57.0   1256.7   1127.0   0.000
20260404004257    119   1103.0   1115.0    1.0     63.1   1151.9   1159.5   0.000
20260404075543    119    250.0    265.0    1.0     58.0   1267.2   1274.5   0.000
20260404004257    186   1670.0   1680.0    1.1    119.6   1160.1   1227.4   0.000
20260404011616    120    940.0    955.0    1.2    114.7   1054.3   1055.1   0.000
20260404014933    120   1460.0   1475.0    1.1    129.5   1082.4   1101.8   0.000
20260404014933     24    570.0    580.0    1.1     90.6   1243.8   1260.3   0.000
20260404014933    115   1500.0   1510.0    1.1     62.6   1189.1   1411.0   0.000
20260404014933    143    290.0    305.0    1.2     67.8   1276.6   1367.5   0.000
20260404022250     25      5.0     60.0    1.1     92.8   1304.7   1314.1   0.000
20260404022250     38   1720.0   1735.0    1.0     53.4   1169.7   1168.8   0.000
20260404032926    188    450.0    471.0    2.3     78.3   1744.8   1769.1   0.000
20260404040242      5    666.0    680.0    1.5     59.2   1338.2   1430.7   0.000
20260404040242      6   1440.0   1459.0    1.1    103.3   1183.1   1190.9   0.000
20260404040242     81   1750.0   1765.0    1.4     63.3   1083.3   1368.1   0.000
20260404072227     81    940.0    955.0    1.4     68.3   1278.7   1348.2   0.000
20260404040242     89    580.0    595.0    1.0    133.4   1084.8   1393.6   0.000
20260404040242     96   1260.0   1275.0    1.1     81.4   1132.1   1127.0   0.000
20260404040242    177    730.0    745.0    1.5    176.0   1183.8   1202.8   0.000
20260404040242    190    985.0   1000.0    1.4     81.6   1146.3   1290.9   0.000
20260404040242    198    485.0    499.0    1.0     98.9   1189.3   1183.8   0.000
20260404040242    211    568.0    585.0    1.0    122.0   1196.4   1198.3   0.000
20260404043600     77    350.0    360.0    1.0     59.2   1176.1   1361.1   0.000
20260404043600    168    853.0    865.0    1.8     52.8   1260.3   1279.3   0.000
20260404043600    187    119.0    141.0    1.2     51.9   1228.0   1326.5   0.000
20260404050917    254   1553.0   1565.0    1.4    103.7   1373.3   1377.6   0.000
20260404054234     69    955.0    970.0    1.0     70.8   1374.2   1346.8   0.000
20260404061552      9     80.0     95.0    1.2     63.1   1398.3   1312.3   0.000
20260404061552    222    545.0    555.0    1.2    202.7   1378.4   1535.2   0.000
20260404064909     21    830.0    845.0    1.1     50.4   1198.6   1255.9   0.000
20260404064909    181    805.0    820.0    1.0    267.0   1159.7   1158.5   0.000
20260404072227    118    790.0    805.0    1.1     63.9   1072.8   1074.1   0.000
20260404075543    118   1660.0   1670.0    1.0     95.7   1071.8   1070.5   0.000
20260404072227    132    830.0    840.0    1.0     62.0   1244.9   1263.3   0.000
20260404075543     43    280.0    290.0    1.0     57.4   1293.6   1198.6   0.000
20260404075543     86    975.0    995.0    1.2     52.0   1225.6   1234.5   0.000
20260404075543     87    775.0    791.0    1.0     59.4   1103.8   1127.9   0.000
20260404075543    112    190.0    205.0    1.0     65.1   1248.4   1311.0   0.000
20260404075543    210    800.0    815.0    1.4     52.3   1417.7   1506.4   0.000
20260404082859      8    755.0    767.0    1.0     79.6   1189.7   1208.3   0.000
20260404082859    130    900.0    910.0    1.2     82.7   1104.4   1109.5   0.000

========================================================================
  End of report
========================================================================
