========================================================================
  STEP NOISE FINDER — SCAN REPORT
========================================================================

Date:       2026-04-29 15:43:25
Folder:     D:/Data/Complete_Runs/HAK04-008B-02L64869w15-205B16a
Files:      32
            - HAK04-008B-02L64869w15-205B16a-OHMX205-UNO256_205_20260403154431_Baseline.tdd
            - HAK04-008B-02L64869w15-205B16a-OHMX205-UNO256_205_20260403154950_Baseline.tdd
            - HAK04-008B-02L64869w15-205B16a-OHMX205-UNO256_205_20260403162311_Baseline.tdd
            - HAK04-008B-02L64869w15-205B16a-OHMX205-UNO256_205_20260403165630_Baseline.tdd
            - HAK04-008B-02L64869w15-205B16a-OHMX205-UNO256_205_20260403172948_Baseline.tdd
            - HAK04-008B-02L64869w15-205B16a-OHMX205-UNO256_205_20260403180307_Baseline.tdd
            - HAK04-008B-02L64869w15-205B16a-OHMX205-UNO256_205_20260403183625_Baseline.tdd
            - HAK04-008B-02L64869w15-205B16a-OHMX205-UNO256_205_20260403190945_Baseline.tdd
            - HAK04-008B-02L64869w15-205B16a-OHMX205-UNO256_205_20260403194304_Baseline.tdd
            - HAK04-008B-02L64869w15-205B16a-OHMX205-UNO256_205_20260403201624_Baseline.tdd
            - HAK04-008B-02L64869w15-205B16a-OHMX205-UNO256_205_20260403204943_Baseline.tdd
            - HAK04-008B-02L64869w15-205B16a-OHMX205-UNO256_205_20260403212301_Baseline.tdd
            - HAK04-008B-02L64869w15-205B16a-OHMX205-UNO256_205_20260403215619_Baseline.tdd
            - HAK04-008B-02L64869w15-205B16a-OHMX205-UNO256_205_20260403222940_Baseline.tdd
            - HAK04-008B-02L64869w15-205B16a-OHMX205-UNO256_205_20260403230259_Baseline.tdd
            - HAK04-008B-02L64869w15-205B16a-OHMX205-UNO256_205_20260403233619_Baseline.tdd
            - HAK04-008B-02L64869w15-205B16a-OHMX205-UNO256_205_20260404000939_Baseline.tdd
            - HAK04-008B-02L64869w15-205B16a-OHMX205-UNO256_205_20260404004257_Baseline.tdd
            - HAK04-008B-02L64869w15-205B16a-OHMX205-UNO256_205_20260404011616_Baseline.tdd
            - HAK04-008B-02L64869w15-205B16a-OHMX205-UNO256_205_20260404014933_Baseline.tdd
            - HAK04-008B-02L64869w15-205B16a-OHMX205-UNO256_205_20260404022250_Baseline.tdd
            - HAK04-008B-02L64869w15-205B16a-OHMX205-UNO256_205_20260404025609_Baseline.tdd
            - HAK04-008B-02L64869w15-205B16a-OHMX205-UNO256_205_20260404032926_Baseline.tdd
            - HAK04-008B-02L64869w15-205B16a-OHMX205-UNO256_205_20260404040242_Baseline.tdd
            - HAK04-008B-02L64869w15-205B16a-OHMX205-UNO256_205_20260404043600_Baseline.tdd
            - HAK04-008B-02L64869w15-205B16a-OHMX205-UNO256_205_20260404050917_Baseline.tdd
            - HAK04-008B-02L64869w15-205B16a-OHMX205-UNO256_205_20260404054234_Baseline.tdd
            - HAK04-008B-02L64869w15-205B16a-OHMX205-UNO256_205_20260404061552_Baseline.tdd
            - HAK04-008B-02L64869w15-205B16a-OHMX205-UNO256_205_20260404064909_Baseline.tdd
            - HAK04-008B-02L64869w15-205B16a-OHMX205-UNO256_205_20260404072227_Baseline.tdd
            - HAK04-008B-02L64869w15-205B16a-OHMX205-UNO256_205_20260404075543_Baseline.tdd
            - HAK04-008B-02L64869w15-205B16a-OHMX205-UNO256_205_20260404082859_Baseline.tdd

Parameters:
  Amplitude  >= 25.0 mV
  Frequency     4.0 - 20.0 Hz
  Periodicity >= 0.2
  Gap merge  <= 30.0 s

========================================================================
  SUMMARY
========================================================================

  Channels with step noise: 35
  Total segments detected:  37
  Files with detections:    21

========================================================================
  DETECTIONS
========================================================================

File               Ch    Start      End   Freq      Amp    PreBL   PostBL  Period
---------------------------------------------------------------------------------
20260403154950    161      0.0    798.0    4.2     51.3      0.0    914.2   0.216
20260404000939    161    963.0   1693.0    5.0     29.9   1026.1   1137.9   0.200
20260404072227    161   1336.0   1368.0    5.3     33.1   1182.5   1182.0   0.269
20260404072227    161   1658.0   1702.0    4.5     50.8   1188.6   1191.1   0.224
20260403162311     78    467.0    639.0    4.0     37.2   1614.5   1629.2   0.322
20260403180307     41    127.0    224.0    4.3    228.3   1648.8   1683.5   0.286
20260403183625     79    118.0    168.0    4.2     26.5   1046.9   1583.8   0.228
20260403183625    150      1.0   1799.0    4.0     55.9    585.7    702.7   0.218
20260403190945    150      0.0   1800.0    4.3     54.9      0.0    632.1   0.250
20260403194304    150      0.0   1800.0    4.6     55.1      0.0    661.4   0.260
20260403201624    150      0.0    602.0    4.3     51.3      0.0    663.6   0.242
20260403183625    207    183.0    325.0    4.0     78.8   1723.0   1708.3   0.201
20260403190945    135    106.0    190.0    4.5     49.4   1540.9   1596.1   0.269
20260403190945    144    300.0    994.0    4.3     76.0   1539.7   1622.0   0.347
20260403190945    189    159.0    413.0    5.0    108.9   1692.5   1726.5   0.547
20260403190945    215   1199.0   1259.0    4.0    306.6   1783.7   1777.5   0.204
20260403194304    215    210.0    293.0    7.8    423.6   1774.8   1835.3   0.336
20260403201624    199    386.0    843.0    5.2     34.1   1306.6   1297.8   0.404
20260403201624    227    309.0    367.0    4.8     55.4   2064.2   2071.6   0.267
20260403204943    196    423.0    781.0    5.0     44.8   1712.3   1768.0   0.258
20260403204943    234   1104.0   1416.0    6.1    105.0   1941.5   1946.1   0.279
20260403212301    163    156.0    253.0    4.0     54.2   1618.6   1809.8   0.278
20260403215619    117    146.0    328.0    6.8    515.0   1676.2   1656.6   0.458
20260403222940     82    453.0    534.0   16.7    100.0   1577.4   1594.2   0.250
20260404004257     64   1571.0   1799.0    4.0     81.5   1639.7   1681.2   0.221
20260404011616     64    958.0   1012.0    4.0     80.0   1671.8   1637.7   0.202
20260404011616     64   1095.0   1383.0    4.0     78.0   1632.0   1629.5   0.237
20260404025609     64     30.0   1800.0    5.1     38.4   1635.4   1614.4   0.204
20260404011616    216      0.0   1800.0    4.2    183.0      0.0   2134.4   0.484
20260404014933    216      0.0   1800.0    4.5    146.7      0.0   2117.9   0.265
20260404022250    216      0.0   1800.0    4.3    121.2      0.0   2158.0   0.366
20260404025609    216      0.0   1800.0    4.0    178.5      0.0   2158.3   0.428
20260404032926    216      0.0   1800.0    4.5    134.8      0.0   2182.0   0.307
20260404040242    216      0.0   1800.0    4.2    143.8      0.0   2182.1   0.384
20260404043600    216      1.0   1799.0    4.0    109.2   2264.5   2236.6   0.215
20260404022250     48   1148.0   1800.0    4.5     25.7    379.5    375.2   0.204
20260404072227     48   1040.0   1052.0    5.9     61.6    578.5    580.5   0.233

========================================================================
  End of report
========================================================================
