========================================================================
  STEP NOISE FINDER — SCAN REPORT
========================================================================

Date:       2026-04-22 15:01:22
Folder:     D:/Data/Complete_Runs\HAK04-010A-02L64869w15-428C17a
Files:      29
            - HAK04-010A-02L64869w15-428C17a-OHX428-428_20260403154706_Baseline.tdd
            - HAK04-010A-02L64869w15-428C17a-OHX428-428_20260403155223_Baseline.tdd
            - HAK04-010A-02L64869w15-428C17a-OHX428-428_20260403162544_Baseline.tdd
            - HAK04-010A-02L64869w15-428C17a-OHX428-428_20260403165905_Baseline.tdd
            - HAK04-010A-02L64869w15-428C17a-OHX428-428_20260403173226_Baseline.tdd
            - HAK04-010A-02L64869w15-428C17a-OHX428-428_20260403180548_Baseline.tdd
            - HAK04-010A-02L64869w15-428C17a-OHX428-428_20260403183909_Baseline.tdd
            - HAK04-010A-02L64869w15-428C17a-OHX428-428_20260403191231_Baseline.tdd
            - HAK04-010A-02L64869w15-428C17a-OHX428-428_20260403194552_Baseline.tdd
            - HAK04-010A-02L64869w15-428C17a-OHX428-428_20260403201914_Baseline.tdd
            - HAK04-010A-02L64869w15-428C17a-OHX428-428_20260403205234_Baseline.tdd
            - HAK04-010A-02L64869w15-428C17a-OHX428-428_20260403212557_Baseline.tdd
            - HAK04-010A-02L64869w15-428C17a-OHX428-428_20260403215917_Baseline.tdd
            - HAK04-010A-02L64869w15-428C17a-OHX428-428_20260403223235_Baseline.tdd
            - HAK04-010A-02L64869w15-428C17a-OHX428-428_20260403230553_Baseline.tdd
            - HAK04-010A-02L64869w15-428C17a-OHX428-428_20260403233913_Baseline.tdd
            - HAK04-010A-02L64869w15-428C17a-OHX428-428_20260404001231_Baseline.tdd
            - HAK04-010A-02L64869w15-428C17a-OHX428-428_20260404004553_Baseline.tdd
            - HAK04-010A-02L64869w15-428C17a-OHX428-428_20260404011915_Baseline.tdd
            - HAK04-010A-02L64869w15-428C17a-OHX428-428_20260404015237_Baseline.tdd
            - HAK04-010A-02L64869w15-428C17a-OHX428-428_20260404022556_Baseline.tdd
            - HAK04-010A-02L64869w15-428C17a-OHX428-428_20260404025917_Baseline.tdd
            - HAK04-010A-02L64869w15-428C17a-OHX428-428_20260404033239_Baseline.tdd
            - HAK04-010A-02L64869w15-428C17a-OHX428-428_20260404040602_Baseline.tdd
            - HAK04-010A-02L64869w15-428C17a-OHX428-428_20260404043922_Baseline.tdd
            - HAK04-010A-02L64869w15-428C17a-OHX428-428_20260404051243_Baseline.tdd
            - HAK04-010A-02L64869w15-428C17a-OHX428-428_20260404054604_Baseline.tdd
            - HAK04-010A-02L64869w15-428C17a-OHX428-428_20260404061925_Baseline.tdd
            - HAK04-010A-02L64869w15-428C17a-OHX428-428_20260404065246_Baseline.tdd

Parameters:
  Amplitude  >= 20.0 mV
  Frequency     0.1 - 20.0 Hz
  Periodicity >= 0.4
  Gap merge  <= 30.0 s

========================================================================
  SUMMARY
========================================================================

  Channels with step noise: 71
  Total segments detected:  225
  Files with detections:    24

========================================================================
  DETECTIONS
========================================================================

File               Ch    Start      End   Freq      Amp    PreBL   PostBL  Period
---------------------------------------------------------------------------------
20260403155223     28    895.0    905.0   20.0     28.6   1818.3   1827.3   0.876
20260403155223     28   1665.0   1675.0    0.7     45.5   1812.4   1860.5   0.634
20260403162544    111    525.0    535.0   20.0     42.4   1522.1   1515.1   0.611
20260403162544    111   1420.0   1530.0    5.1    295.8   1582.8   1597.9   0.685
20260403162544    111   1565.0   1655.0    3.0    299.7   1597.5   1589.2   0.624
20260403162544    111   1730.0   1800.0   20.0    329.0   1597.0   1570.8   0.731
20260403165905    111    765.0    795.0   20.0     47.1   1540.3   1539.7   0.699
20260403165905    111    830.0    940.0   20.0     75.8   1542.0   1546.9   0.826
20260403165905    111   1015.0   1330.0   20.0     71.2   1544.9   1567.0   0.875
20260403165905    111   1365.0   1375.0   20.0     49.0   1576.2   1573.1   0.845
20260403165905    210   1460.0   1570.0   20.0     45.6   1903.9   1909.0   0.872
20260403173226     31   1760.0   1775.0   20.0     94.6   1716.7   1713.8   0.842
20260403173226    111   1590.0   1635.0   20.0     54.0   1608.9   1610.6   0.893
20260403173226    145   1605.0   1615.0   20.0     31.3   1762.7   1773.3   0.900
20260403173226    145   1785.0   1795.0   20.0     26.9   1775.8   1764.9   0.875
20260403173226    184   1545.0   1555.0    2.2    230.5   1756.0   1721.7   0.408
20260403173226    191    335.0    350.0   20.0     81.7   1731.9   1732.3   0.653
20260403173226    191    395.0    470.0   20.0     92.7   1727.5   1758.8   0.738
20260403173226    191    550.0    630.0   20.0    133.5   1766.8   1774.5   0.664
20260403173226    191   1050.0   1060.0    4.3    170.5   1759.9   1762.1   0.442
20260403173226    191   1290.0   1360.0    4.2    216.8   1772.7   1804.8   0.510
20260403173226    191   1430.0   1485.0    4.2    220.3   1800.6   1796.5   0.482
20260403173226    191   1735.0   1745.0    2.6    200.6   1798.6   1783.2   0.645
20260403173226    217    425.0    440.0   20.0    140.5   1743.2   1738.9   0.629
20260403173226    217    485.0    540.0   20.0    147.2   1741.0   1753.4   0.710
20260403173226    217    825.0    840.0   20.0     45.7   1693.1   1714.8   0.825
20260403173226    217    875.0    885.0   20.0     51.9   1701.5   1708.3   0.803
20260403173226    217    935.0    945.0   20.0     88.0   1729.8   1742.1   0.768
20260403180548     47    400.0    545.0   14.2    241.2   1688.4   1689.1   0.597
20260403180548     47    605.0    630.0   11.1    311.4   1717.8   1695.8   0.740
20260403180548     47    670.0    720.0    5.2    309.5   1708.3   1735.0   0.679
20260403180548     47    860.0    945.0   20.0    328.2   1744.5   1743.2   0.842
20260403180548    181   1360.0   1395.0    7.2    336.9   1719.8   1705.7   0.514
20260403180548    248    535.0    565.0    8.0    136.6   2086.0   2101.0   0.477
20260403180548    248    845.0    860.0    4.2    152.4   2104.5   2115.6   0.481
20260403180548    248    985.0   1055.0   20.0    115.3   2086.1   2109.6   0.758
20260403180548    248   1325.0   1435.0   20.0     96.8   2157.0   2089.5   0.748
20260403180548    248   1755.0   1770.0   20.0     49.4   2089.7   2089.2   0.833
20260403183909     31   1335.0   1430.0   20.0     35.1   1710.4   1709.9   0.743
20260403183909     31   1470.0   1485.0   20.0     29.9   1705.3   1702.9   0.722
20260403183909     31   1655.0   1670.0   20.0     34.0   1715.9   1713.9   0.598
20260403183909     31   1710.0   1720.0   20.0     36.7   1716.5   1712.7   0.547
20260403183909     31   1755.0   1785.0   20.0     38.1   1716.0   1711.4   0.643
20260403183909     42   1100.0   1110.0   20.0    105.0   1738.8   1740.1   0.715
20260403183909     42   1440.0   1455.0   20.0     73.1   1723.1   1734.3   0.720
20260403183909    111    765.0    780.0   20.0    359.7   1594.6   1604.9   0.636
20260403183909    181    370.0    450.0   20.0    108.4   1593.1   1668.1   0.809
20260403183909    181    605.0    685.0   20.0    109.1   1673.9   1681.9   0.762
20260403183909    181    865.0    895.0   20.0    110.0   1700.3   1700.3   0.826
20260403183909    248   1145.0   1155.0   20.0     37.3   2057.8   2053.6   0.822
20260403183909    248   1225.0   1240.0   20.0     39.0   2054.7   2058.9   0.853
20260403183909    248   1395.0   1460.0   20.0     44.1   2065.3   2068.2   0.857
20260403191231     60    415.0    425.0    0.6    119.1   1808.6   1842.1   0.411
20260403191231    248   1090.0   1125.0    5.9     96.1   2131.6   2128.2   0.450
20260403191231    248   1215.0   1225.0    5.6     94.1   2130.9   2127.8   0.410
20260403191231    248   1380.0   1505.0    4.4    108.3   2142.0   2140.5   0.585
20260403191231    248   1670.0   1735.0    4.5     97.9   2139.3   2143.6   0.494
20260403191231    248   1790.0   1800.0    3.7     91.3   2136.4   2130.2   0.474
20260403194552     60     70.0     80.0    0.3    144.8   1741.2   1859.0   0.471
20260403194552     60    300.0    310.0    0.5    152.5   1883.0   1879.6   0.487
20260403194552    108   1295.0   1315.0   11.8    242.3   1614.4   1614.0   0.539
20260403194552    108   1555.0   1570.0   20.0    387.4   1733.1   1705.6   0.741
20260403194552    108   1640.0   1755.0   10.8    395.9   1675.3   1687.2   0.760
20260403194552    146   1010.0   1060.0    9.6    138.8   1625.2   1631.8   0.493
20260403194552    146   1145.0   1505.0   20.0    117.6   1611.5   1608.9   0.823
20260403194552    146   1560.0   1580.0   20.0     81.4   1613.4   1604.7   0.845
20260403194552    146   1655.0   1670.0   20.0     77.7   1610.3   1606.9   0.830
20260403194552    146   1715.0   1730.0   20.0     86.4   1615.4   1616.0   0.823
20260403194552    206    450.0    610.0   14.2    341.7   1846.0   1825.3   0.729
20260403194552    206   1375.0   1385.0   20.0     21.0   1830.6   1830.6   0.514
20260403194552    206   1445.0   1460.0   20.0     24.9   1834.0   1836.5   0.774
20260403194552    206   1540.0   1550.0   20.0     21.4   1834.5   1843.4   0.669
20260403194552    227    945.0    955.0    3.2    225.4   1997.7   1942.7   0.489
20260403194552    227   1060.0   1070.0    3.3    118.8   1912.5   1910.0   0.446
20260403201914    163    965.0   1070.0   20.0     91.1   1697.6   1706.9   0.749
20260403201914    163   1140.0   1160.0   20.0     79.5   1704.1   1706.4   0.680
20260403201914    163   1410.0   1450.0   20.0     84.0   1728.7   1702.0   0.821
20260403201914    181    580.0    590.0   20.0     41.4   1862.0   1861.7   0.863
20260403201914    181    915.0    940.0   20.0     32.6   1862.7   1866.8   0.852
20260403201914    181   1015.0   1025.0   20.0     37.2   1860.3   1866.1   0.825
20260403201914    181   1215.0   1225.0   20.0     28.5   1861.5   1859.8   0.760
20260403201914    227    570.0    580.0    4.8    175.7   2011.8   2009.9   0.426
20260403201914    227    665.0    780.0    6.0    172.4   1993.3   2018.1   0.533
20260403201914    227    825.0   1270.0    5.5    176.2   2000.7   1997.8   0.555
20260403201914    227   1310.0   1800.0    5.2    177.4   2001.9   1961.3   0.562
20260403205234     69    775.0    790.0   20.0     81.0   1703.2   1704.1   0.709
20260403205234    109    450.0    710.0    7.0    218.1   1625.7   1667.6   0.773
20260403205234    212    740.0    750.0   20.0     49.8   1970.2   1971.6   0.648
20260403205234    212   1120.0   1130.0    5.6     65.0   1971.4   1974.6   0.427
20260403205234    212   1380.0   1390.0    5.6     65.4   1986.7   1971.7   0.432
20260403205234    227    280.0    290.0    3.4    167.3   2033.4   2025.9   0.433
20260403205234    227    355.0    400.0    3.5    150.4   2023.3   2020.3   0.441
20260403205234    227    660.0    675.0    3.8    141.3   2034.1   2038.3   0.498
20260403205234    227   1115.0   1125.0   20.0    132.6   2001.9   2004.6   0.716
20260403205234    227   1175.0   1210.0   20.0    126.4   2016.1   2023.6   0.722
20260403205234    227   1460.0   1515.0   20.0    131.2   2002.3   1998.8   0.768
20260403205234    227   1560.0   1575.0   20.0    115.1   2024.0   1996.9   0.769
20260403205234    227   1660.0   1685.0   20.0    113.8   1994.2   1994.4   0.791
20260403212557     74    675.0    780.0   14.9    172.5   1775.0   1816.3   0.630
20260403212557     74    960.0    970.0   16.7    240.3   1816.3   1811.0   0.584
20260403212557     74   1170.0   1205.0   11.6    392.5   1806.5   1589.1   0.590
20260403212557    108   1290.0   1505.0   20.0    118.1   1832.3   1822.0   0.880
20260403212557    108   1585.0   1595.0   20.0    105.3   1821.4   1822.5   0.773
20260403212557    108   1720.0   1770.0   20.0    107.5   1820.8   1825.8   0.824
20260403212557    166   1250.0   1260.0    1.1     70.1   1863.9   1844.0   0.402
20260403212557    166   1560.0   1570.0    0.4     70.7   1853.8   1858.5   0.506
20260403212557    166   1750.0   1765.0    1.4     73.7   1862.6   1861.8   0.589
20260403215917     74   1575.0   1630.0   20.0     58.2   1719.9   1721.4   0.856
20260403215917     74   1710.0   1720.0   20.0     45.4   1732.9   1733.5   0.849
20260403215917    108    535.0    555.0   20.0    131.4   1813.7   1815.6   0.807
20260403215917    108    765.0   1250.0   18.4    142.9   1811.3   1821.7   0.833
20260403215917    108   1285.0   1800.0   20.0    148.3   1820.5   1818.7   0.698
20260403215917    179   1690.0   1700.0   20.0     62.0   1698.0   1697.3   0.874
20260403215917    212     45.0     70.0   20.0     79.7   2061.3   2056.7   0.631
20260403215917    212    375.0    405.0   20.0     78.9   2055.6   2056.0   0.680
20260403215917    212    445.0    455.0   20.0     73.0   2056.0   2056.7   0.652
20260403215917    212    645.0    695.0   20.0     83.6   2055.3   2058.9   0.690
20260403215917    212    865.0    880.0   20.0     88.3   2061.4   2063.6   0.666
20260403215917    212    925.0    940.0   20.0     85.2   2059.5   2062.1   0.629
20260403215917    212   1015.0   1040.0   20.0     94.8   2062.6   2065.5   0.675
20260403223235    108      0.0    340.0   20.0    165.2      0.0   1822.4   0.790
20260403223235    108    380.0    730.0   15.7    167.6   1826.6   1828.6   0.823
20260403223235    108    825.0    840.0   20.0    156.6   1819.1   1820.5   0.621
20260403223235    108    875.0   1030.0   20.0    156.3   1820.5   1827.7   0.697
20260403223235    108   1110.0   1120.0   20.0    148.5   1826.2   1827.5   0.620
20260403223235    108   1165.0   1175.0   20.0    149.7   1830.0   1827.2   0.615
20260403223235    108   1290.0   1300.0   20.0    149.5   1828.6   1828.9   0.615
20260403223235    108   1370.0   1385.0    3.2    145.9   1820.0   1820.1   0.461
20260403223235    108   1420.0   1470.0    3.5    141.1   1818.9   1818.4   0.657
20260403223235    108   1515.0   1570.0    3.8    131.6   1819.5   1818.4   0.597
20260403223235    108   1605.0   1625.0    3.6    138.7   1820.1   1819.5   0.502
20260403223235    108   1670.0   1800.0    4.2    137.0   1818.4   1814.1   0.606
20260403223235    164     55.0     70.0   20.0    114.1   1868.3   1817.7   0.783
20260403223235    212    290.0    300.0   20.0     96.1   2083.2   2083.2   0.629
20260403233913    120   1370.0   1390.0   20.0     71.6   1933.2   1917.1   0.782
20260403233913    120   1635.0   1645.0   20.0     74.1   1941.6   1947.5   0.778
20260403233913    120   1705.0   1765.0   20.0     78.8   1944.7   1934.8   0.768
20260403233913    154   1205.0   1215.0   20.0     36.4   1791.9   1789.3   0.766
20260403233913    178    370.0    650.0   11.6    247.7   1760.9   1806.0   0.741
20260403233913    214    290.0    305.0   20.0    102.9   2240.3   2234.0   0.579
20260403233913    214    365.0    375.0   20.0     95.3   2243.5   2249.3   0.564
20260403233913    214    415.0    430.0   20.0    103.8   2245.3   2253.1   0.627
20260403233913    214    660.0    670.0   20.0     86.5   2272.4   2257.7   0.710
20260403233913    250    370.0    400.0   11.1     94.0   2216.4   2223.0   0.521
20260403233913    250    470.0    770.0   11.0    114.6   2226.9   2232.5   0.656
20260403233913    250    840.0   1370.0    5.7    124.0   2237.6   2229.4   0.704
20260403233913    250   1450.0   1490.0    5.4    111.8   2230.8   2235.2   0.443
20260404001231    120    660.0    670.0   20.0     83.5   1947.0   1947.9   0.811
20260404001231    120   1075.0   1085.0   20.0    133.8   1993.8   1999.3   0.765
20260404001231    154     15.0     65.0   20.0     79.3   1808.2   1814.5   0.704
20260404001231    154    450.0    470.0   20.0     87.1   1843.7   1840.1   0.556
20260404001231    154   1185.0   1200.0    8.0     99.8   1849.4   1843.9   0.483
20260404001231    154   1240.0   1255.0    7.4     95.1   1856.7   1848.3   0.417
20260404001231    154   1340.0   1350.0    8.3     93.0   1845.4   1850.5   0.423
20260404004553     99    395.0   1270.0    4.2    126.6   1742.4   1815.2   0.819
20260404004553     99   1420.0   1430.0    2.9    122.1   1813.2   1816.7   0.409
20260404004553     99   1475.0   1485.0    2.9    123.4   1818.8   1815.5   0.430
20260404004553    154   1130.0   1140.0    5.6    110.3   1880.4   1883.0   0.409
20260404004553    154   1290.0   1320.0    6.0    113.3   1878.1   1877.1   0.472
20260404004553    154   1490.0   1505.0    6.7    100.5   1881.7   1881.3   0.453
20260404004553    154   1615.0   1625.0    6.2    101.8   1887.9   1890.0   0.400
20260404004553    154   1670.0   1685.0    6.5    103.9   1887.0   1879.4   0.550
20260404004553    195    990.0   1155.0   14.9    323.4   1906.9   1915.2   0.642
20260404011915    154    195.0    275.0   20.0    121.5   1871.3   1878.9   0.724
20260404011915    154    445.0    495.0   20.0    113.2   1873.5   1878.6   0.636
20260404011915    154    975.0    985.0   20.0    121.2   1895.9   1895.3   0.622
20260404011915    154   1510.0   1520.0    4.3    106.3   1882.7   1884.6   0.450
20260404011915    154   1565.0   1590.0    4.2    104.7   1886.3   1884.6   0.460
20260404011915    154   1665.0   1680.0    4.2    107.6   1893.0   1880.7   0.424
20260404011915    154   1720.0   1730.0    4.5     99.4   1885.8   1883.5   0.414
20260404011915    158   1120.0   1225.0   20.0     56.7   1911.5   1911.3   0.875
20260404011915    158   1275.0   1295.0   20.0     45.3   1906.9   1909.9   0.871
20260404011915    158   1340.0   1455.0   20.0     63.4   1913.7   1904.4   0.852
20260404011915    158   1535.0   1575.0   20.0     50.8   1904.5   1907.7   0.839
20260404011915    158   1730.0   1740.0   20.0     47.5   1911.0   1904.6   0.864
20260404015237     97    635.0    650.0   11.1     59.2   1708.2   1713.6   0.476
20260404015237    154      5.0    100.0   20.0    124.4   1902.2   1905.8   0.666
20260404015237    154    240.0    255.0   20.0    109.2   1906.5   1907.6   0.689
20260404015237    154    360.0    420.0   20.0    120.6   1911.0   1909.1   0.716
20260404022556     97   1030.0   1145.0    6.1    406.0   1649.1   1727.1   0.584
20260404022556     97   1555.0   1570.0   10.0    101.0   1703.2   1700.3   0.537
20260404022556     97   1640.0   1795.0   12.3    414.7   1704.1   1717.8   0.589
20260404022556    158    610.0    620.0   20.0     88.1   1951.7   1955.6   0.656
20260404022556    159    885.0    925.0   20.0    335.7   1858.2   1860.9   0.751
20260404022556    159    975.0    990.0   20.0    327.9   1877.8   1867.7   0.779
20260404022556    159   1030.0   1040.0   20.0    326.4   1866.5   1872.2   0.769
20260404022556    159   1200.0   1290.0   20.0    400.0   1876.3   1873.2   0.771
20260404022556    159   1350.0   1360.0   20.0    416.0   1866.1   1853.1   0.708
20260404022556    159   1430.0   1565.0   20.0    424.8   1923.3   1878.2   0.796
20260404022556    159   1680.0   1790.0   20.0    450.6   1872.2   1869.1   0.862
20260404022556    188    680.0    745.0   20.0    114.5   2281.3   2281.7   0.711
20260404022556    188    780.0    790.0   20.0    107.3   2284.0   2284.6   0.641
20260404022556    188    825.0    975.0    4.5    113.1   2283.6   2281.2   0.653
20260404022556    256    725.0    735.0   20.0     36.2   2330.8   2331.7   0.568
20260404022556    256    805.0    815.0   20.0     37.8   2336.8   2333.8   0.466
20260404022556    256   1260.0   1270.0   20.0     46.9   2327.9   2328.2   0.550
20260404025917     97   1475.0   1615.0    7.8    291.3   1711.0   1723.5   0.545
20260404025917     97   1660.0   1800.0    8.6    292.5   1747.8   1710.1   0.574
20260404025917    132   1510.0   1520.0   20.0     44.4   1948.9   1949.4   0.807
20260404025917    132   1625.0   1635.0   20.0     41.7   1949.9   1943.1   0.828
20260404025917    159    470.0    605.0   12.6    172.1   1826.7   1860.5   0.694
20260404025917    159    720.0    835.0   13.9    235.5   1874.8   1822.9   0.601
20260404025917    159    885.0    940.0    7.4    268.1   1904.1   1904.1   0.579
20260404025917    159    975.0   1000.0    6.9    236.7   1914.1   1907.8   0.468
20260404025917    159   1055.0   1160.0    3.6    264.7   1902.3   1908.5   0.638
20260404025917    159   1240.0   1355.0    3.3    273.3   1907.8   1898.9   0.505
20260404025917    188    190.0    200.0    0.2    136.3   2298.0   2298.6   0.651
20260404025917    188    295.0    305.0    0.3    130.8   2334.6   2333.2   0.651
20260404033239     97    765.0    825.0   10.8     78.7   1704.1   1719.9   0.705
20260404033239     97    900.0   1800.0    4.3    152.6   1721.0   1744.0   0.841
20260404033239    159   1505.0   1515.0    1.3    195.0   1930.3   1926.6   0.743
20260404043922    125   1540.0   1610.0   20.0    239.3   1757.0   1747.5   0.692
20260404051243    125    255.0    300.0   20.0     66.3   1755.3   1769.5   0.846
20260404051243    125    485.0    525.0   20.0    185.9   1815.0   1814.8   0.702
20260404051243    256   1250.0   1260.0   20.0     42.2   2320.7   2320.8   0.692
20260404065246     14     40.0    145.0   20.0     78.5   1920.8   1926.0   0.816
20260404065246     14    310.0    320.0   20.0     75.2   1924.7   1924.4   0.769
20260404065246     14    485.0    510.0   20.0     79.9   1918.0   1928.7   0.828
20260404065246     14    545.0    555.0   20.0     83.2   1925.6   1925.4   0.831
20260404065246     14    615.0    735.0   20.0    108.8   1935.1   1936.5   0.761
20260404065246     14   1045.0   1125.0    2.8     99.1   1924.0   1923.6   0.498
20260404065246     14   1280.0   1345.0    3.5     94.9   1919.9   1914.0   0.524
20260404065246     14   1615.0   1630.0    3.3     93.6   1915.4   1912.3   0.446
20260404065246     14   1700.0   1715.0    3.2     95.7   1916.8   1913.2   0.514
20260404065246     14   1780.0   1790.0    3.4     96.1   1918.2   1916.0   0.404

========================================================================
  End of report
========================================================================
