========================================================================
  STEP NOISE FINDER — SCAN REPORT
========================================================================

Date:       2026-04-22 15:09:42
Folder:     D:/Data/Complete_Runs\HAK04-010A-02L66628w06-433C13a
Files:      32
            - HAK04-010A-02L66628w06-433C13a-OHMX433-433_20260327172453_Baseline.tdd
            - HAK04-010A-02L66628w06-433C13a-OHMX433-433_20260327173015_Baseline.tdd
            - HAK04-010A-02L66628w06-433C13a-OHMX433-433_20260327180357_Baseline.tdd
            - HAK04-010A-02L66628w06-433C13a-OHMX433-433_20260327183739_Baseline.tdd
            - HAK04-010A-02L66628w06-433C13a-OHMX433-433_20260327191118_Baseline.tdd
            - HAK04-010A-02L66628w06-433C13a-OHMX433-433_20260327194458_Baseline.tdd
            - HAK04-010A-02L66628w06-433C13a-OHMX433-433_20260327201837_Baseline.tdd
            - HAK04-010A-02L66628w06-433C13a-OHMX433-433_20260327205216_Baseline.tdd
            - HAK04-010A-02L66628w06-433C13a-OHMX433-433_20260327212555_Baseline.tdd
            - HAK04-010A-02L66628w06-433C13a-OHMX433-433_20260327215937_Baseline.tdd
            - HAK04-010A-02L66628w06-433C13a-OHMX433-433_20260327223316_Baseline.tdd
            - HAK04-010A-02L66628w06-433C13a-OHMX433-433_20260327230655_Baseline.tdd
            - HAK04-010A-02L66628w06-433C13a-OHMX433-433_20260327234035_Baseline.tdd
            - HAK04-010A-02L66628w06-433C13a-OHMX433-433_20260328001414_Baseline.tdd
            - HAK04-010A-02L66628w06-433C13a-OHMX433-433_20260328004752_Baseline.tdd
            - HAK04-010A-02L66628w06-433C13a-OHMX433-433_20260328012131_Baseline.tdd
            - HAK04-010A-02L66628w06-433C13a-OHMX433-433_20260328015509_Baseline.tdd
            - HAK04-010A-02L66628w06-433C13a-OHMX433-433_20260328022846_Baseline.tdd
            - HAK04-010A-02L66628w06-433C13a-OHMX433-433_20260328030226_Baseline.tdd
            - HAK04-010A-02L66628w06-433C13a-OHMX433-433_20260328033606_Baseline.tdd
            - HAK04-010A-02L66628w06-433C13a-OHMX433-433_20260328040944_Baseline.tdd
            - HAK04-010A-02L66628w06-433C13a-OHMX433-433_20260328044322_Baseline.tdd
            - HAK04-010A-02L66628w06-433C13a-OHMX433-433_20260328051659_Baseline.tdd
            - HAK04-010A-02L66628w06-433C13a-OHMX433-433_20260328055038_Baseline.tdd
            - HAK04-010A-02L66628w06-433C13a-OHMX433-433_20260328062357_Baseline.tdd
            - HAK04-010A-02L66628w06-433C13a-OHMX433-433_20260328065714_Baseline.tdd
            - HAK04-010A-02L66628w06-433C13a-OHMX433-433_20260328073032_Baseline.tdd
            - HAK04-010A-02L66628w06-433C13a-OHMX433-433_20260328080351_Baseline.tdd
            - HAK04-010A-02L66628w06-433C13a-OHMX433-433_20260328083710_Baseline.tdd
            - HAK04-010A-02L66628w06-433C13a-OHMX433-433_20260328091026_Baseline.tdd
            - HAK04-010A-02L66628w06-433C13a-OHMX433-433_20260328094345_Baseline.tdd
            - HAK04-010A-02L66628w06-433C13a-OHMX433-433_20260328101702_Baseline.tdd

Parameters:
  Amplitude  >= 20.0 mV
  Frequency     0.1 - 20.0 Hz
  Periodicity >= 0.4
  Gap merge  <= 30.0 s

========================================================================
  SUMMARY
========================================================================

  Channels with step noise: 56
  Total segments detected:  183
  Files with detections:    20

========================================================================
  DETECTIONS
========================================================================

File               Ch    Start      End   Freq      Amp    PreBL   PostBL  Period
---------------------------------------------------------------------------------
20260327180357    251    315.0    370.0   10.4    227.8   1985.0   1982.3   0.610
20260327191118    241   1345.0   1360.0   20.0     49.9   1927.0   1929.2   0.904
20260327191118    241   1510.0   1565.0   20.0     60.3   1915.8   1906.9   0.905
20260327191118    241   1645.0   1660.0   20.0     63.6   1906.6   1902.6   0.900
20260327191118    241   1765.0   1785.0   20.0     62.1   1893.2   1894.2   0.904
20260327191118    250    430.0    455.0   20.0    168.7   2068.4   2070.8   0.716
20260327191118    250    880.0    890.0   20.0     72.1   2069.7   2076.9   0.529
20260327191118    250    960.0   1010.0   20.0    100.8   2077.9   2090.5   0.605
20260327191118    250   1255.0   1265.0    5.6    124.9   2126.0   2124.5   0.411
20260327191118    250   1355.0   1365.0    4.8    169.3   2123.6   2120.6   0.415
20260327194458    212   1000.0   1160.0    9.2    526.2   1872.0   1878.7   0.754
20260327194458    212   1195.0   1210.0    8.3    488.1   1878.5   1874.5   0.444
20260327194458    212   1250.0   1380.0    5.9    454.7   1876.9   1867.0   0.667
20260327194458    212   1480.0   1520.0    5.0    496.2   1854.3   1846.4   0.661
20260327194458    250    840.0    875.0   20.0     81.3   1827.6   1845.3   0.824
20260327194458    250    910.0   1010.0   20.0    127.9   1844.0   1939.2   0.838
20260327201837      9   1200.0   1210.0   20.0     66.6   1811.9   1824.2   0.707
20260327201837    139   1030.0   1040.0   20.0     60.3   1601.0   1596.4   0.422
20260327201837    139   1125.0   1135.0   20.0     80.9   1603.3   1606.6   0.580
20260327201837    139   1180.0   1215.0   20.0     79.2   1605.9   1611.1   0.666
20260327201837    139   1255.0   1800.0   11.1    109.7   1608.3   1523.0   0.788
20260327201837    153   1445.0   1455.0   20.0     55.0   1604.8   1598.8   0.695
20260327201837    153   1495.0   1510.0   20.0     64.4   1600.2   1595.5   0.714
20260327201837    153   1545.0   1570.0   20.0     60.5   1585.6   1588.4   0.725
20260327201837    153   1650.0   1670.0   20.0     86.3   1587.3   1584.2   0.704
20260327201837    212      5.0   1800.0    3.2    211.8   1902.4   1889.8   0.884
20260327205216    139   1640.0   1650.0    3.3    130.5   1479.1   1482.5   0.409
20260327205216    153    315.0    325.0   20.0     56.3   1611.2   1610.8   0.842
20260327205216    153    405.0    445.0   20.0     57.5   1612.2   1618.2   0.836
20260327205216    153    480.0    495.0   20.0     57.9   1622.1   1623.9   0.844
20260327205216    153    555.0    610.0   20.0     58.8   1627.9   1632.3   0.850
20260327205216    153    655.0    670.0   20.0     67.9   1631.1   1634.2   0.837
20260327205216    153    735.0    955.0   20.0     79.9   1639.0   1646.2   0.861
20260327205216    153   1015.0   1090.0   20.0     66.8   1641.2   1642.9   0.827
20260327205216    153   1140.0   1250.0   20.0     63.5   1646.0   1648.3   0.822
20260327205216    153   1340.0   1370.0   20.0     54.8   1641.0   1640.7   0.836
20260327205216    181    220.0    315.0   20.0     70.2   1718.2   1719.0   0.855
20260327205216    181    390.0    440.0   20.0     73.0   1713.5   1732.0   0.831
20260327205216    181   1075.0   1130.0    4.0     85.1   1774.6   1779.4   0.563
20260327205216    181   1195.0   1265.0    2.9    103.8   1723.1   1775.1   0.631
20260327205216    212      0.0     20.0    3.0    180.2      0.0   1971.9   0.643
20260327205216    212    765.0    775.0    1.8     91.2   1997.8   1996.2   0.659
20260327205216    212   1395.0   1405.0    1.3     98.9   2010.1   2009.6   0.751
20260327205216    228   1045.0   1060.0    4.7    178.4   1821.8   1790.5   0.589
20260327205216    250    400.0    410.0   20.0    135.1   2185.0   2179.4   0.423
20260327205216    250   1075.0   1100.0   10.0    170.2   2188.3   2189.7   0.464
20260327205216    250   1135.0   1290.0    9.4    173.7   2185.6   2187.8   0.543
20260327205216    250   1325.0   1335.0    7.1    162.0   2187.4   2184.5   0.405
20260327205216    250   1400.0   1410.0    8.3    162.4   2190.3   2178.8   0.415
20260327212555     13   1150.0   1325.0   14.6     81.7   1808.3   1790.2   0.560
20260327212555     13   1480.0   1685.0   16.1    106.9   1722.5   1629.5   0.544
20260327212555     13   1740.0   1800.0   16.6    146.0   1617.7   1578.9   0.809
20260327212555    139   1145.0   1230.0   16.8     56.6   1532.1   1529.6   0.632
20260327212555    139   1275.0   1765.0    7.0     73.2   1512.6   1447.0   0.700
20260327212555    197   1275.0   1295.0    6.7     77.6   1720.8   1715.3   0.446
20260327212555    197   1470.0   1480.0    4.8     86.0   1710.6   1704.1   0.420
20260327212555    197   1600.0   1610.0    5.9     87.9   1686.3   1683.4   0.429
20260327212555    197   1675.0   1775.0    6.0    123.3   1702.4   1719.5   0.518
20260327215937    197    525.0    535.0   20.0     65.5   1731.1   1732.0   0.452
20260327215937    197    590.0    605.0   20.0     94.7   1750.6   1747.7   0.510
20260327215937    197    825.0    875.0   14.6    204.7   1783.7   1772.0   0.619
20260327215937    197    915.0    945.0   12.5    176.5   1782.8   1784.1   0.495
20260327215937    197   1010.0   1020.0   20.0     32.2   1773.0   1781.5   0.721
20260327215937    197   1110.0   1125.0   20.0     37.2   1777.2   1782.7   0.706
20260327215937    250   1235.0   1245.0    0.5    110.8   2204.3   2205.3   0.534
20260327215937    254     10.0     30.0    2.6    141.1   2337.9   2332.3   0.589
20260327215937    254    690.0    700.0    2.2    179.5   2367.0   2363.8   0.616
20260327215937    254    805.0    815.0    2.3    190.4   2376.0   2376.2   0.601
20260327215937    254    925.0    940.0    2.4    181.4   2377.4   2377.5   0.696
20260327215937    254   1405.0   1415.0    5.0    165.3   2401.0   2363.1   0.402
20260327223316     13   1360.0   1385.0    6.1     62.7   1728.9   1721.1   0.453
20260327223316     13   1420.0   1480.0    5.8     67.6   1716.9   1672.1   0.515
20260327223316     13   1605.0   1625.0    3.0     68.0   1617.6   1606.5   0.429
20260327223316     65    925.0    980.0   20.0     80.9   1572.8   1591.8   0.764
20260327223316     79   1615.0   1800.0    6.8     74.7   1549.3   1513.0   0.842
20260327223316    187   1090.0   1110.0    7.1     23.3   1320.3   1405.2   0.518
20260327223316    197    225.0    235.0    3.2    177.0   1837.0   1835.9   0.468
20260327223316    197    290.0   1350.0    4.2    210.9   1836.8   1900.1   0.758
20260327223316    197   1400.0   1425.0    4.1    211.1   1889.0   1887.9   0.550
20260327223316    197   1540.0   1550.0    1.4    214.0   1871.0   1869.2   0.402
20260327223316    197   1770.0   1780.0    3.6    233.6   1832.1   1826.4   0.427
20260327230655     13     55.0     70.0   20.0     61.8   1781.3   1783.4   0.837
20260327230655     13    235.0    245.0   20.0     52.0   1785.9   1792.6   0.852
20260327230655     13    645.0    655.0   20.0     52.5   1795.3   1799.2   0.865
20260327230655     13    770.0    780.0   20.0     61.1   1799.7   1805.1   0.857
20260327230655     13   1200.0   1375.0   20.0     68.3   1818.1   1796.0   0.864
20260327230655     13   1450.0   1460.0   20.0     58.4   1796.2   1799.2   0.860
20260327230655     13   1545.0   1590.0   20.0     54.5   1768.3   1748.7   0.852
20260327230655     13   1645.0   1665.0   20.0     51.7   1708.0   1692.6   0.849
20260327230655     13   1710.0   1720.0   20.0     37.5   1675.5   1692.9   0.876
20260327230655     13   1780.0   1795.0   20.0     45.4   1668.9   1642.7   0.881
20260327230655     22   1610.0   1620.0    4.2     42.6   1694.6   1687.1   0.408
20260327230655     22   1725.0   1740.0   20.0     28.0   1636.9   1630.1   0.650
20260327230655     79      0.0     15.0    4.7    104.9      0.0   1652.0   0.453
20260327230655     79     50.0     60.0    5.0    101.5   1652.1   1653.4   0.421
20260327230655     79    355.0    365.0    4.8    115.4   1684.6   1688.4   0.407
20260327230655     79    445.0    635.0    6.5    106.6   1688.4   1694.3   0.672
20260327230655     86    690.0    705.0    1.5    238.2   1774.6   1787.0   0.786
20260327230655     86   1185.0   1225.0    2.2    232.8   1780.7   1766.6   0.595
20260327230655     86   1370.0   1445.0    3.0    239.9   1705.9   1778.6   0.674
20260327230655     86   1495.0   1505.0    2.7    225.0   1750.1   1754.6   0.670
20260327230655     86   1715.0   1725.0    1.9    224.6   1632.9   1681.0   0.730
20260327234035     22    315.0    325.0   20.0     40.8   1736.7   1741.7   0.861
20260327234035     22    380.0    445.0   20.0     42.7   1748.1   1738.5   0.846
20260327234035     22    495.0    635.0   20.0     62.3   1745.5   1749.8   0.796
20260327234035     22    715.0    770.0   20.0     40.9   1738.8   1740.7   0.792
20260327234035     22    855.0    865.0   20.0     44.1   1742.1   1751.0   0.638
20260327234035     53    550.0   1800.0   10.5    232.6   1573.0   1426.9   0.773
20260327234035     70    365.0    410.0   16.7     52.5   1629.4   1642.8   0.587
20260327234035     70    450.0    460.0   16.7     44.7   1645.6   1656.3   0.421
20260327234035     70    510.0    630.0   14.6     58.7   1652.7   1655.5   0.687
20260327234035     70    885.0   1280.0    8.4     60.7   1678.8   1675.0   0.788
20260327234035    179    605.0   1795.0    7.3    168.3   1661.2   1625.8   0.741
20260328001414     22   1045.0   1075.0   20.0     45.2   1742.9   1744.3   0.870
20260328001414     22   1125.0   1185.0   20.0     48.7   1744.8   1739.6   0.891
20260328001414     22   1220.0   1230.0   20.0     47.7   1748.0   1746.1   0.888
20260328001414     22   1300.0   1340.0   20.0     43.2   1739.0   1743.4   0.904
20260328001414     22   1450.0   1525.0   20.0     40.9   1728.8   1716.0   0.897
20260328001414     22   1655.0   1665.0   20.0     31.3   1664.1   1658.1   0.891
20260328001414     22   1735.0   1745.0   20.0     30.6   1631.7   1620.4   0.899
20260328001414     54    225.0    235.0    0.4    113.5   1609.9   1688.1   0.550
20260328001414     70    270.0    285.0    2.8    216.4   1762.3   1745.8   0.487
20260328001414     70    325.0    355.0    2.3    215.5   1768.9   1742.6   0.618
20260328001414     70    575.0    590.0    5.2    224.0   1773.4   1769.7   0.495
20260328001414     70    640.0    650.0    2.0    219.9   1764.1   1762.9   0.439
20260328001414     70   1200.0   1660.0    2.5    145.6   1708.5   1675.9   0.796
20260328001414     70   1770.0   1785.0   20.0    113.2   1636.0   1623.6   0.700
20260328001414    179    740.0    790.0   20.0     62.3   1700.0   1688.8   0.536
20260328001414    179    845.0    930.0   13.6     80.8   1708.0   1720.3   0.591
20260328001414    179    990.0   1025.0   13.3     98.4   1731.4   1737.5   0.621
20260328004752     70    350.0    365.0    3.7    218.9   1795.7   1795.5   0.433
20260328004752     70    400.0    450.0    3.1    221.5   1796.3   1825.8   0.634
20260328004752     70   1125.0   1135.0    2.3    188.0   1826.9   1804.2   0.587
20260328004752     99   1370.0   1530.0    6.8     74.6   1595.5   1569.3   0.552
20260328004752     99   1595.0   1735.0    5.0     71.3   1553.3   1514.4   0.648
20260328004752     99   1785.0   1795.0    4.2     66.2   1508.2   1508.0   0.439
20260328004752    179      0.0     20.0    6.0    197.4      0.0   1781.9   0.545
20260328004752    179    125.0   1145.0    6.2    199.4   1775.4   1792.1   0.760
20260328004752    179   1210.0   1255.0    6.3    140.6   1782.3   1758.4   0.501
20260328004752    179   1320.0   1330.0    5.9     90.5   1792.3   1787.5   0.432
20260328004752    179   1375.0   1705.0    4.5    155.6   1778.4   1676.5   0.554
20260328004752    179   1745.0   1780.0    4.4    119.7   1682.8   1698.8   0.481
20260328004752    237    660.0   1800.0    9.3    194.9   2036.4   2020.6   0.858
20260328012131     22   1195.0   1210.0   20.0     85.3   1795.2   1791.4   0.857
20260328012131     22   1255.0   1270.0   20.0     76.4   1790.2   1790.5   0.859
20260328012131     99    505.0    515.0    0.3    119.3   1619.5   1618.0   0.482
20260328012131     99    585.0    595.0    0.4    114.4   1622.2   1615.6   0.465
20260328012131     99    645.0    655.0    0.6    129.1   1623.4   1625.1   0.405
20260328012131    179   1260.0   1275.0    3.2    192.3   1782.7   1782.6   0.582
20260328012131    179   1380.0   1390.0    3.7    163.7   1754.7   1767.4   0.427
20260328012131    179   1440.0   1585.0    4.8    174.0   1757.6   1757.6   0.535
20260328012131    179   1640.0   1700.0    3.7    156.3   1764.1   1719.6   0.515
20260328012131    179   1735.0   1790.0    3.8    155.7   1748.2   1711.3   0.552
20260328012131    237     35.0   1800.0    5.9    158.5   1980.2   1990.3   0.693
20260328015509      6   1580.0   1690.0   20.0     31.7   1701.2   1646.2   0.775
20260328015509     87      0.0    140.0    5.0    192.1      0.0   1575.9   0.606
20260328015509     87    325.0    440.0    4.9    120.6   1612.3   1616.6   0.524
20260328015509     87    745.0    755.0    3.8     80.0   1639.2   1636.2   0.434
20260328015509     87    805.0   1055.0    3.9     95.8   1633.5   1623.0   0.614
20260328015509     87   1095.0   1800.0    4.0    121.1   1627.1   1527.7   0.721
20260328022846      6   1000.0   1010.0   11.1     89.7   1803.3   1810.8   0.428
20260328022846      6   1140.0   1150.0   11.1    120.9   1783.2   1787.0   0.460
20260328022846      6   1695.0   1800.0   10.6    167.8   1604.1   1558.6   0.759
20260328022846     87     50.0    215.0   20.0    121.5   1636.4   1636.3   0.706
20260328022846     87    275.0    345.0   20.0    122.0   1629.3   1639.1   0.647
20260328022846     87    605.0    660.0    3.2    111.4   1629.1   1640.7   0.547
20260328022846     87    700.0    720.0    3.7    103.1   1639.3   1634.0   0.459
20260328022846     87    760.0   1260.0    3.5    122.7   1631.1   1646.3   0.657
20260328022846     87   1310.0   1405.0    3.5    117.0   1635.1   1638.2   0.671
20260328022846     87   1480.0   1490.0   20.0    130.7   1611.8   1611.6   0.631
20260328022846     87   1525.0   1800.0   19.9    122.9   1597.0   1515.6   0.752
20260328030226     87   1385.0   1420.0   20.0    119.0   1625.5   1626.7   0.822
20260328030226     87   1475.0   1485.0   20.0    124.7   1626.3   1622.7   0.818
20260328030226     87   1535.0   1580.0   20.0    123.4   1620.7   1602.5   0.845
20260328030226     98     75.0    245.0    3.9    288.7   1687.2   1596.5   0.705
20260328030226     98    405.0   1095.0    4.2    281.7   1687.0   1599.0   0.769
20260328030226     98   1140.0   1510.0    3.6    225.0   1727.9   1710.0   0.776
20260328030226     98   1600.0   1790.0    3.0    218.2   1686.9   1608.5   0.706
20260328033606     98    715.0    725.0    2.2    203.9   1727.1   1620.4   0.736
20260328033606     98    795.0    805.0    2.1    200.9   1733.8   1733.9   0.741
20260328040944    101   1260.0   1735.0    4.5    278.1   1504.2   1467.6   0.729
20260328051659    125   1700.0   1790.0    7.8    130.8   1491.0   1493.8   0.684
20260328065714    227    755.0    780.0   20.0    108.0   1878.0   1886.1   0.859

========================================================================
  End of report
========================================================================
