========================================================================
  STEP NOISE FINDER — SCAN REPORT
========================================================================

Date:       2026-05-06 09:19:57
Folder:     E:/Data/Complete_Runs/HAK04-008B-02L64869w15-205B16a
Files:      32
            - HAK04-008B-02L64869w15-205B16a-OHMX205-UNO256_205_20260403154431_Baseline.tdd
            - HAK04-008B-02L64869w15-205B16a-OHMX205-UNO256_205_20260403154950_Baseline.tdd
            - HAK04-008B-02L64869w15-205B16a-OHMX205-UNO256_205_20260403162311_Baseline.tdd
            - HAK04-008B-02L64869w15-205B16a-OHMX205-UNO256_205_20260403165630_Baseline.tdd
            - HAK04-008B-02L64869w15-205B16a-OHMX205-UNO256_205_20260403172948_Baseline.tdd
            - HAK04-008B-02L64869w15-205B16a-OHMX205-UNO256_205_20260403180307_Baseline.tdd
            - HAK04-008B-02L64869w15-205B16a-OHMX205-UNO256_205_20260403183625_Baseline.tdd
            - HAK04-008B-02L64869w15-205B16a-OHMX205-UNO256_205_20260403190945_Baseline.tdd
            - HAK04-008B-02L64869w15-205B16a-OHMX205-UNO256_205_20260403194304_Baseline.tdd
            - HAK04-008B-02L64869w15-205B16a-OHMX205-UNO256_205_20260403201624_Baseline.tdd
            - HAK04-008B-02L64869w15-205B16a-OHMX205-UNO256_205_20260403204943_Baseline.tdd
            - HAK04-008B-02L64869w15-205B16a-OHMX205-UNO256_205_20260403212301_Baseline.tdd
            - HAK04-008B-02L64869w15-205B16a-OHMX205-UNO256_205_20260403215619_Baseline.tdd
            - HAK04-008B-02L64869w15-205B16a-OHMX205-UNO256_205_20260403222940_Baseline.tdd
            - HAK04-008B-02L64869w15-205B16a-OHMX205-UNO256_205_20260403230259_Baseline.tdd
            - HAK04-008B-02L64869w15-205B16a-OHMX205-UNO256_205_20260403233619_Baseline.tdd
            - HAK04-008B-02L64869w15-205B16a-OHMX205-UNO256_205_20260404000939_Baseline.tdd
            - HAK04-008B-02L64869w15-205B16a-OHMX205-UNO256_205_20260404004257_Baseline.tdd
            - HAK04-008B-02L64869w15-205B16a-OHMX205-UNO256_205_20260404011616_Baseline.tdd
            - HAK04-008B-02L64869w15-205B16a-OHMX205-UNO256_205_20260404014933_Baseline.tdd
            - HAK04-008B-02L64869w15-205B16a-OHMX205-UNO256_205_20260404022250_Baseline.tdd
            - HAK04-008B-02L64869w15-205B16a-OHMX205-UNO256_205_20260404025609_Baseline.tdd
            - HAK04-008B-02L64869w15-205B16a-OHMX205-UNO256_205_20260404032926_Baseline.tdd
            - HAK04-008B-02L64869w15-205B16a-OHMX205-UNO256_205_20260404040242_Baseline.tdd
            - HAK04-008B-02L64869w15-205B16a-OHMX205-UNO256_205_20260404043600_Baseline.tdd
            - HAK04-008B-02L64869w15-205B16a-OHMX205-UNO256_205_20260404050917_Baseline.tdd
            - HAK04-008B-02L64869w15-205B16a-OHMX205-UNO256_205_20260404054234_Baseline.tdd
            - HAK04-008B-02L64869w15-205B16a-OHMX205-UNO256_205_20260404061552_Baseline.tdd
            - HAK04-008B-02L64869w15-205B16a-OHMX205-UNO256_205_20260404064909_Baseline.tdd
            - HAK04-008B-02L64869w15-205B16a-OHMX205-UNO256_205_20260404072227_Baseline.tdd
            - HAK04-008B-02L64869w15-205B16a-OHMX205-UNO256_205_20260404075543_Baseline.tdd
            - HAK04-008B-02L64869w15-205B16a-OHMX205-UNO256_205_20260404082859_Baseline.tdd

Parameters:
  Amplitude  >= 50.0 mV
  Frequency     10.0 - 20.0 Hz
  Periodicity >= 0.2
  Gap merge  <= 30.0 s

========================================================================
  SUMMARY
========================================================================

  Channels with step noise: 20
  Total segments detected:  44
  Files with detections:    17

========================================================================
  DETECTIONS
========================================================================

File               Ch    Start      End   Freq      Amp    PreBL   PostBL  Period
---------------------------------------------------------------------------------
20260403154950    150   1075.0   1085.0   11.1     58.8    450.9    463.5   0.276
20260403154950    150   1239.0   1297.0   12.5     70.4    453.9    454.6   0.206
20260403172948    150    104.0    124.0   20.0     51.8    520.7    532.9   0.218
20260403172948    150    540.0    552.0   16.7     56.7    553.1    556.7   0.235
20260403172948    150    665.0    675.0   16.7     55.8    539.8    538.9   0.235
20260403172948    150   1076.0   1140.0   16.7     51.6    564.2    562.1   0.232
20260403172948    150   1186.0   1294.0   16.6     58.8    574.6    573.4   0.246
20260403172948    150   1387.0   1475.0   16.7     57.4    574.0    574.3   0.303
20260403180307    150     86.0    100.0   11.1     55.7    561.5    551.1   0.208
20260403180307    150    325.0    340.0   16.7     51.1    568.2    588.8   0.294
20260403180307    150    407.0    433.0   11.1     55.3    573.7    573.8   0.202
20260403180307    150    640.0    694.0   20.0     52.1    580.6    600.0   0.208
20260403180307    150    835.0    859.0   16.7     70.3    617.0    628.5   0.303
20260403180307    150   1211.0   1389.0   19.2     65.1    629.5    644.6   0.267
20260403180307    150   1523.0   1607.0   15.6     58.7    634.4    633.0   0.281
20260403180307    150   1698.0   1798.0   16.2     62.9    631.4    627.9   0.212
20260403183625    150     95.0    125.0   20.0     52.1    599.2    620.3   0.209
20260403183625    150    222.0    282.0   16.7     52.8    642.0    653.6   0.227
20260403183625    150    980.0   1000.0   20.0     60.4    640.5    646.1   0.207
20260403183625    150   1085.0   1107.0   16.7     54.5    644.6    635.5   0.246
20260403183625    150   1191.0   1217.0   16.7     50.3    637.5    639.3   0.233
20260403183625    150   1382.0   1490.0   11.8     57.7    640.4    664.7   0.320
20260403165630     48   1303.0   1326.0   11.8     61.7    416.0    382.7   0.218
20260404061552     48    542.0    560.0   11.1    150.5    465.3    487.3   0.262
20260404064909     48    175.0    331.0   11.1    170.2    542.0    544.1   0.207
20260404064909     48    414.0    554.0   10.0    131.5    536.5    528.8   0.233
20260404064909     48   1445.0   1799.0   11.1    109.3    528.7    561.2   0.201
20260404072227     48    207.0    345.0   11.1    148.1    556.2    573.5   0.267
20260404072227     48    515.0    665.0   15.6     71.3    553.7    577.4   0.226
20260404072227     48    794.0    973.0   13.5     62.3    566.6    573.3   0.234
20260404072227     48   1408.0   1472.0   20.0     55.6    578.1    590.8   0.266
20260403180307     41    121.0    223.0   12.5     82.1   1648.8   1683.7   0.245
20260403183625    207    190.0    205.0   11.8     64.8   1736.4   1746.5   0.291
20260403190945    189    204.0    290.0   11.3    105.8   1751.7   1731.9   0.661
20260403194304    215    246.0    294.0   11.2    352.7   1798.4   1835.3   0.459
20260403204943    196    425.0    450.0   11.1    405.1   1735.3   1721.4   0.321
20260403204943    196    540.0    595.0   20.0     83.4   1716.7   1730.7   0.403
20260403204943    234    121.0    264.0   12.5     64.2   1958.2   1973.7   0.292
20260403215619    117    144.0    328.0   13.2    482.8   1676.2   1656.6   0.584
20260403222940     82    453.0    504.0   18.4    100.8   1577.4   1584.2   0.401
20260404011616    216      0.0   1673.0   11.1    108.9      0.0   2122.7   0.416
20260404014933    216      0.0   1800.0   11.2     77.3      0.0   2117.9   0.300
20260404022250    216      0.0   1799.0   11.1     64.0      0.0   2158.8   0.259
20260404025609    216      0.0   1800.0   12.2     84.6      0.0   2158.3   0.292

========================================================================
  End of report
========================================================================
