========================================================================
  STEP NOISE FINDER — SCAN REPORT
========================================================================

Date:       2026-05-15 16:45:14
Folder:     C:/git/step-noise-detection/data
Files:      1
            - KAM02-110A-02L66628w06-208B22a-OHMX208-UNO256_208_20260304063655_Baseline.tdd

Parameters:
  Amplitude  >= 5.0 mV
  Frequency     10.0 - 20.0 Hz
  Periodicity >= 0.2
  Gap merge  <= 30.0 s

========================================================================
  SUMMARY
========================================================================

  Channels with step noise: 11
  Total segments detected:  19
  Files with detections:    1

========================================================================
  DETECTIONS
========================================================================

File               Ch    Start      End   Freq      Amp    PreBL   PostBL  Period
---------------------------------------------------------------------------------
20260304063655     29   1105.0   1143.0   11.1      8.3   1192.6   1275.7   0.238
20260304063655      4      0.0   1800.0   14.6     15.8      0.0   1040.7   0.256
20260304063655     36    569.0    665.0   12.5     11.6   1136.5   1458.0   0.259
20260304063655     44   1259.0   1285.0   11.1      5.6   1466.3   1465.7   0.246
20260304063655     46      1.0     75.0   11.1      5.2   1397.5   1400.4   0.220
20260304063655     46    165.0    179.0   12.5      5.4   1385.6   1384.7   0.207
20260304063655     46    482.0    513.0   11.1      5.5   1368.2   1366.2   0.261
20260304063655     46    620.0    638.0   12.5      6.1   1362.8   1362.9   0.237
20260304063655     46    675.0    730.0   13.9      5.2   1361.8   1358.9   0.241
20260304063655     64   1144.0   1204.0   11.1      7.5   1206.9   1485.3   0.207
20260304063655     67    275.0    285.0   10.0      5.3   1108.9   1109.5   0.219
20260304063655     67    420.0    430.0   12.5      5.4   1108.0   1107.6   0.207
20260304063655     67    930.0    940.0   12.5      5.3   1112.7   1107.6   0.248
20260304063655     67   1110.0   1120.0   14.3      5.3   1118.8   1119.7   0.231
20260304063655     74    448.0    478.0   11.1      5.5   1213.7   1271.9   0.220
20260304063655    182      5.0     35.0   11.1      6.7   1159.8   1721.2   0.237
20260304063655    206     75.0     90.0   11.8     15.9   1404.2   1396.8   0.291
20260304063655    206   1550.0   1567.0   11.8      5.7   1375.9   1376.0   0.318
20260304063655    214   1429.0   1462.0   14.3      6.7   1308.7   1690.5   0.347

========================================================================
  End of report
========================================================================
