========================================================================
  STEP NOISE FINDER — SCAN REPORT
========================================================================

Date:       2026-04-22 15:20:52
Folder:     D:/Data/Complete_Runs\KSH01-010E-02L66628w01-201H10a
Files:      32
            - KSH01-010E-02L66628w01-201H10a-OHMX201-UNO256_201_20260406172513_Baseline.tdd
            - KSH01-010E-02L66628w01-201H10a-OHMX201-UNO256_201_20260406173030_Baseline.tdd
            - KSH01-010E-02L66628w01-201H10a-OHMX201-UNO256_201_20260406180349_Baseline.tdd
            - KSH01-010E-02L66628w01-201H10a-OHMX201-UNO256_201_20260406183710_Baseline.tdd
            - KSH01-010E-02L66628w01-201H10a-OHMX201-UNO256_201_20260406191029_Baseline.tdd
            - KSH01-010E-02L66628w01-201H10a-OHMX201-UNO256_201_20260406194348_Baseline.tdd
            - KSH01-010E-02L66628w01-201H10a-OHMX201-UNO256_201_20260406201708_Baseline.tdd
            - KSH01-010E-02L66628w01-201H10a-OHMX201-UNO256_201_20260406205028_Baseline.tdd
            - KSH01-010E-02L66628w01-201H10a-OHMX201-UNO256_201_20260406212348_Baseline.tdd
            - KSH01-010E-02L66628w01-201H10a-OHMX201-UNO256_201_20260406215706_Baseline.tdd
            - KSH01-010E-02L66628w01-201H10a-OHMX201-UNO256_201_20260406223026_Baseline.tdd
            - KSH01-010E-02L66628w01-201H10a-OHMX201-UNO256_201_20260406230346_Baseline.tdd
            - KSH01-010E-02L66628w01-201H10a-OHMX201-UNO256_201_20260406233705_Baseline.tdd
            - KSH01-010E-02L66628w01-201H10a-OHMX201-UNO256_201_20260407001026_Baseline.tdd
            - KSH01-010E-02L66628w01-201H10a-OHMX201-UNO256_201_20260407004344_Baseline.tdd
            - KSH01-010E-02L66628w01-201H10a-OHMX201-UNO256_201_20260407011703_Baseline.tdd
            - KSH01-010E-02L66628w01-201H10a-OHMX201-UNO256_201_20260407015022_Baseline.tdd
            - KSH01-010E-02L66628w01-201H10a-OHMX201-UNO256_201_20260407022342_Baseline.tdd
            - KSH01-010E-02L66628w01-201H10a-OHMX201-UNO256_201_20260407025700_Baseline.tdd
            - KSH01-010E-02L66628w01-201H10a-OHMX201-UNO256_201_20260407033020_Baseline.tdd
            - KSH01-010E-02L66628w01-201H10a-OHMX201-UNO256_201_20260407040339_Baseline.tdd
            - KSH01-010E-02L66628w01-201H10a-OHMX201-UNO256_201_20260407043658_Baseline.tdd
            - KSH01-010E-02L66628w01-201H10a-OHMX201-UNO256_201_20260407051018_Baseline.tdd
            - KSH01-010E-02L66628w01-201H10a-OHMX201-UNO256_201_20260407054337_Baseline.tdd
            - KSH01-010E-02L66628w01-201H10a-OHMX201-UNO256_201_20260407061657_Baseline.tdd
            - KSH01-010E-02L66628w01-201H10a-OHMX201-UNO256_201_20260407065014_Baseline.tdd
            - KSH01-010E-02L66628w01-201H10a-OHMX201-UNO256_201_20260407072334_Baseline.tdd
            - KSH01-010E-02L66628w01-201H10a-OHMX201-UNO256_201_20260407075652_Baseline.tdd
            - KSH01-010E-02L66628w01-201H10a-OHMX201-UNO256_201_20260407083010_Baseline.tdd
            - KSH01-010E-02L66628w01-201H10a-OHMX201-UNO256_201_20260407090329_Baseline.tdd
            - KSH01-010E-02L66628w01-201H10a-OHMX201-UNO256_201_20260407093645_Baseline.tdd
            - KSH01-010E-02L66628w01-201H10a-OHMX201-UNO256_201_20260407101002_Baseline.tdd

Parameters:
  Amplitude  >= 20.0 mV
  Frequency     0.1 - 20.0 Hz
  Periodicity >= 0.4
  Gap merge  <= 30.0 s

========================================================================
  SUMMARY
========================================================================

  Channels with step noise: 53
  Total segments detected:  123
  Files with detections:    16

========================================================================
  DETECTIONS
========================================================================

File               Ch    Start      End   Freq      Amp    PreBL   PostBL  Period
---------------------------------------------------------------------------------
20260406180349     26   1550.0   1590.0    6.2    201.3   1364.2   1389.5   0.668
20260406180349     26   1665.0   1755.0    3.0    295.0   1396.8   1456.0   0.648
20260406180349     36   1005.0   1800.0    6.3    266.3   1360.4   1369.0   0.731
20260406180349     37   1440.0   1450.0   11.1    177.7   1388.8   1386.6   0.422
20260406183710     26   1620.0   1695.0   20.0    323.3   1395.7   1400.0   0.694
20260406183710     26   1770.0   1780.0   20.0    305.5   1397.2   1392.6   0.638
20260406183710    148   1425.0   1435.0   16.7    218.9   1293.8   1311.6   0.428
20260406191029    170   1280.0   1290.0    8.3    276.1   1270.8   1269.3   0.477
20260406191029    188   1400.0   1525.0   11.8    234.3   1387.4   1354.1   0.771
20260406191029    188   1750.0   1795.0    3.7    181.0   1344.8   1350.9   0.458
20260406194348     66    755.0    885.0   15.6     81.2   1385.4   1394.8   0.693
20260406194348     66    925.0   1055.0    8.1     90.6   1392.0   1408.6   0.585
20260406194348     66   1110.0   1120.0    5.6     85.4   1406.9   1410.1   0.511
20260406194348     66   1170.0   1285.0    5.3     92.4   1410.7   1414.0   0.470
20260406194348     66   1335.0   1410.0    3.8     97.1   1415.8   1414.7   0.413
20260406194348    134   1300.0   1355.0   16.9    344.1   1302.0   1321.8   0.581
20260406194348    170    915.0   1005.0   16.9     93.1   1369.3   1416.2   0.591
20260406194348    170   1050.0   1150.0   15.7     97.0   1413.5   1419.0   0.527
20260406194348    170   1470.0   1685.0   14.5    206.2   1421.9   1453.9   0.578
20260406194348    170   1765.0   1790.0   12.5    138.7   1431.3   1467.4   0.591
20260406194348    188   1395.0   1420.0   12.2    198.6   1429.5   1428.1   0.595
20260406194348    188   1475.0   1530.0   11.6    198.2   1431.9   1430.3   0.778
20260406194348    188   1570.0   1645.0   10.9    200.1   1428.9   1337.8   0.780
20260406194348    188   1685.0   1800.0    9.7    192.7   1361.9   1365.4   0.750
20260406201708     17    290.0    315.0   20.0     91.5   1511.5   1518.4   0.835
20260406201708     36   1340.0   1355.0   20.0     35.2   1450.4   1433.6   0.767
20260406201708     36   1465.0   1475.0   20.0     27.9   1433.7   1432.5   0.825
20260406201708     36   1600.0   1610.0   20.0     28.6   1443.5   1439.9   0.801
20260406201708     36   1655.0   1665.0   20.0     31.0   1440.7   1440.2   0.790
20260406201708     66      5.0     25.0   14.3     80.8   1370.9   1380.2   0.442
20260406201708     66    240.0    295.0   10.0     81.2   1390.2   1397.3   0.438
20260406201708     66    585.0    860.0    5.3    104.2   1412.4   1425.4   0.524
20260406201708     66    960.0   1065.0    3.4    101.0   1430.8   1437.8   0.472
20260406201708     66   1170.0   1180.0    3.2     90.4   1429.7   1429.0   0.443
20260406201708     66   1490.0   1500.0    2.2    111.1   1460.1   1458.6   0.410
20260406201708     66   1785.0   1795.0    1.0    118.4   1460.4   1461.2   0.486
20260406201708    170   1045.0   1060.0   20.0     88.5   1323.9   1330.6   0.685
20260406201708    207    890.0   1085.0    9.6     39.4    942.1    952.5   0.743
20260406201708    253   1620.0   1800.0    5.1    288.8   1602.0   1585.4   0.737
20260406205028     66   1005.0   1015.0    1.2     98.0   1445.3   1449.2   0.489
20260406205028     66   1080.0   1115.0    1.3     96.3   1451.2   1466.8   0.481
20260406205028     66   1155.0   1165.0    1.7     93.5   1450.4   1456.0   0.548
20260406205028     66   1465.0   1475.0    1.6     91.4   1460.4   1459.0   0.472
20260406205028     80   1450.0   1500.0   18.4    132.6   1324.1   1317.2   0.541
20260406205028     80   1660.0   1760.0   10.2    291.6   1363.6   1353.4   0.636
20260406205028    101    345.0    355.0   20.0     53.7   1302.7   1307.7   0.610
20260406205028    101    410.0    455.0   20.0     56.2   1298.6   1303.6   0.738
20260406205028    101    510.0    525.0   20.0     44.3   1306.2   1302.9   0.835
20260406205028    101   1760.0   1775.0    2.5     40.2   1351.2   1315.8   0.458
20260406205028    109    595.0    620.0   17.5    145.8   1274.3   1272.7   0.496
20260406205028    161    500.0    510.0    5.0    122.5   1383.6   1384.4   0.417
20260406205028    161    610.0    675.0   20.0    153.8   1386.2   1406.5   0.641
20260406205028    161    785.0    885.0   20.0    193.3   1412.5   1423.0   0.799
20260406205028    161   1345.0   1355.0   20.0    146.7   1416.9   1412.4   0.727
20260406205028    162    800.0    810.0    1.5     30.2   1370.7   1240.1   0.486
20260406205028    253    655.0    665.0   12.5     52.5   1743.1   1749.6   0.494
20260406205028    253    760.0   1015.0    8.8     78.2   1748.4   1762.6   0.720
20260406212348     26   1385.0   1395.0   16.7    126.9   1320.1   1330.2   0.577
20260406212348     26   1510.0   1800.0    6.7    232.9   1355.7   1393.1   0.690
20260406212348     37   1445.0   1455.0   20.0    188.5   1406.7   1409.2   0.684
20260406212348     37   1695.0   1705.0   20.0    139.5   1391.1   1386.2   0.641
20260406212348     65    850.0    945.0   20.0     55.9   1301.0   1315.0   0.816
20260406212348     66   1620.0   1630.0   20.0     66.1   1431.6   1427.6   0.866
20260406212348     66   1705.0   1715.0   20.0     69.5   1428.3   1428.9   0.864
20260406212348    161    255.0    270.0   20.0     42.3   1320.5   1321.8   0.640
20260406212348    170    655.0    865.0   13.2     80.0   1321.0   1300.9   0.705
20260406212348    170    910.0   1800.0    1.9    123.2   1306.6   1337.5   0.816
20260406212348    207    705.0    835.0   10.8     30.8    953.4    998.5   0.681
20260406212348    207    965.0   1000.0    7.1     69.2    966.6   1020.1   0.590
20260406212348    207   1080.0   1120.0    5.3     55.1   1000.3   1000.0   0.515
20260406212348    207   1180.0   1190.0    1.1     76.7    996.7    995.6   0.527
20260406212348    207   1235.0   1360.0    1.1     72.1    998.5   1003.2   0.499
20260406215706     26   1045.0   1115.0    6.2    356.6   1149.6   1373.4   0.630
20260406215706     26   1205.0   1240.0    5.8    258.8   1394.4   1398.2   0.618
20260406215706     26   1580.0   1675.0    1.6    266.1   1437.9   1426.3   0.675
20260406215706     73    665.0    715.0    7.3    199.6   1312.6   1310.1   0.696
20260406215706     73    990.0   1000.0   20.0    171.6   1291.5   1293.7   0.812
20260406215706     73   1130.0   1145.0   11.0    153.8   1294.3   1288.5   0.724
20260406215706     73   1470.0   1485.0   20.0    131.7   1308.3   1302.4   0.737
20260406215706    134   1665.0   1675.0    4.0    103.9   1284.1   1284.3   0.450
20260406215706    170   1175.0   1800.0    3.3     84.6   1356.8   1376.2   0.694
20260406215706    207    755.0   1680.0    2.1     39.6    969.1    988.7   0.788
20260406215706    207   1750.0   1795.0    1.6     47.2    989.9   1000.6   0.687
20260406223026     26    635.0    645.0   20.0     31.5   1397.1   1509.7   0.624
20260406223026     26    715.0    725.0   16.7    231.7   1409.2   1432.1   0.446
20260406223026     65   1515.0   1540.0    2.9    251.9   1330.0   1326.5   0.516
20260406223026     80    945.0   1030.0   20.0    203.8   1365.5   1362.1   0.593
20260406223026     80   1080.0   1185.0   16.9    280.3   1356.5   1340.7   0.649
20260406223026    134    490.0    505.0   20.0    108.6   1198.9   1296.5   0.747
20260406223026    207     60.0     70.0    0.2     31.1   1059.0   1058.2   0.491
20260406223026    207    105.0    115.0    0.8     33.1   1059.9   1059.7   0.419
20260406230346     65    410.0    430.0   18.4     41.7   1307.3   1309.7   0.494
20260406230346     65    480.0    800.0   14.2    250.3   1328.9   1322.0   0.749
20260406230346     65   1055.0   1095.0    8.2     61.0   1283.1   1280.2   0.457
20260406230346     65   1305.0   1470.0   12.4    136.6   1304.9   1316.6   0.816
20260406230346     65   1585.0   1620.0   10.6    303.3   1303.6   1153.5   0.655
20260406230346     65   1730.0   1800.0    7.8    268.3   1188.8   1294.8   0.666
20260406230346     72    815.0    830.0   20.0     30.5   1316.1   1327.6   0.760
20260406230346    109   1075.0   1300.0   20.0     97.4   1345.1   1341.8   0.853
20260406230346    109   1335.0   1355.0   20.0     59.9   1341.9   1342.0   0.849
20260406230346    109   1495.0   1510.0   20.0     54.4   1347.2   1345.4   0.863
20260406230346    122   1570.0   1725.0   16.2    184.2   1418.9   1410.3   0.687
20260406233705     26    475.0    505.0   15.8     76.8   1416.8   1429.5   0.576
20260407001026     26    385.0    410.0   14.3     71.0   1422.4   1425.1   0.580
20260407001026     58   1430.0   1450.0    8.9     66.6   1356.0   1373.5   0.574
20260407001026     58   1500.0   1510.0    9.1    137.7   1375.5   1267.4   0.468
20260407001026     58   1590.0   1605.0   20.0    152.9   1372.1   1362.6   0.763
20260407011703     58    670.0    805.0    7.0    121.8   1472.5   1495.7   0.690
20260407011703     58    980.0    990.0    2.4    341.6   1480.7   1295.1   0.628
20260407015022     58    535.0    670.0    3.4    283.2   1376.1   1375.2   0.711
20260407015022     58    715.0    965.0   19.9    292.4   1362.1   1420.7   0.805
20260407022342      6    965.0    995.0   11.8     55.4   1660.5   1668.8   0.453
20260407022342      6   1050.0   1060.0   14.3     60.2   1675.6   1677.8   0.403
20260407022342     58    660.0    670.0   20.0    234.7   1366.5   1358.9   0.628
20260407022342     58    730.0    835.0   20.0    252.3   1391.5   1387.4   0.758
20260407051018    245    530.0    735.0   14.4     77.3   1688.4   1744.5   0.616
20260407051018    245    840.0    850.0    8.3     88.6   1742.0   1735.3   0.401
20260407051018    245   1005.0   1015.0    7.7    112.7   1734.6   1738.0   0.415
20260407051018    245   1070.0   1130.0    8.2    112.4   1740.1   1750.9   0.472
20260407051018    245   1185.0   1415.0   11.2    109.2   1738.3   1754.1   0.687
20260407051018    245   1515.0   1625.0    8.6    125.4   1760.8   1770.1   0.577
20260407051018    245   1670.0   1705.0    9.6    136.5   1762.2   1757.6   0.480
20260407051018    245   1765.0   1780.0    7.7    145.5   1757.5   1760.7   0.533

========================================================================
  End of report
========================================================================
