========================================================================
  STEP NOISE FINDER — SCAN REPORT
========================================================================

Date:       2026-04-22 15:15:11
Folder:     D:/Data/Complete_Runs\KSH01-010C-02L66628w01-428G16a
Files:      32
            - KSH01-010C-02L66628w01-428G16a-OHX428-428_20260406172002_Baseline.tdd
            - KSH01-010C-02L66628w01-428G16a-OHX428-428_20260406172519_Baseline.tdd
            - KSH01-010C-02L66628w01-428G16a-OHX428-428_20260406175840_Baseline.tdd
            - KSH01-010C-02L66628w01-428G16a-OHX428-428_20260406183158_Baseline.tdd
            - KSH01-010C-02L66628w01-428G16a-OHX428-428_20260406190520_Baseline.tdd
            - KSH01-010C-02L66628w01-428G16a-OHX428-428_20260406193840_Baseline.tdd
            - KSH01-010C-02L66628w01-428G16a-OHX428-428_20260406201200_Baseline.tdd
            - KSH01-010C-02L66628w01-428G16a-OHX428-428_20260406204522_Baseline.tdd
            - KSH01-010C-02L66628w01-428G16a-OHX428-428_20260406211842_Baseline.tdd
            - KSH01-010C-02L66628w01-428G16a-OHX428-428_20260406215203_Baseline.tdd
            - KSH01-010C-02L66628w01-428G16a-OHX428-428_20260406222524_Baseline.tdd
            - KSH01-010C-02L66628w01-428G16a-OHX428-428_20260406225845_Baseline.tdd
            - KSH01-010C-02L66628w01-428G16a-OHX428-428_20260406233204_Baseline.tdd
            - KSH01-010C-02L66628w01-428G16a-OHX428-428_20260407000525_Baseline.tdd
            - KSH01-010C-02L66628w01-428G16a-OHX428-428_20260407003844_Baseline.tdd
            - KSH01-010C-02L66628w01-428G16a-OHX428-428_20260407011204_Baseline.tdd
            - KSH01-010C-02L66628w01-428G16a-OHX428-428_20260407014523_Baseline.tdd
            - KSH01-010C-02L66628w01-428G16a-OHX428-428_20260407021843_Baseline.tdd
            - KSH01-010C-02L66628w01-428G16a-OHX428-428_20260407025202_Baseline.tdd
            - KSH01-010C-02L66628w01-428G16a-OHX428-428_20260407032521_Baseline.tdd
            - KSH01-010C-02L66628w01-428G16a-OHX428-428_20260407035840_Baseline.tdd
            - KSH01-010C-02L66628w01-428G16a-OHX428-428_20260407043158_Baseline.tdd
            - KSH01-010C-02L66628w01-428G16a-OHX428-428_20260407050517_Baseline.tdd
            - KSH01-010C-02L66628w01-428G16a-OHX428-428_20260407053836_Baseline.tdd
            - KSH01-010C-02L66628w01-428G16a-OHX428-428_20260407061154_Baseline.tdd
            - KSH01-010C-02L66628w01-428G16a-OHX428-428_20260407064513_Baseline.tdd
            - KSH01-010C-02L66628w01-428G16a-OHX428-428_20260407071832_Baseline.tdd
            - KSH01-010C-02L66628w01-428G16a-OHX428-428_20260407075150_Baseline.tdd
            - KSH01-010C-02L66628w01-428G16a-OHX428-428_20260407082507_Baseline.tdd
            - KSH01-010C-02L66628w01-428G16a-OHX428-428_20260407085825_Baseline.tdd
            - KSH01-010C-02L66628w01-428G16a-OHX428-428_20260407093144_Baseline.tdd
            - KSH01-010C-02L66628w01-428G16a-OHX428-428_20260407100504_Baseline.tdd

Parameters:
  Amplitude  >= 20.0 mV
  Frequency     0.1 - 20.0 Hz
  Periodicity >= 0.4
  Gap merge  <= 30.0 s

========================================================================
  SUMMARY
========================================================================

  Channels with step noise: 56
  Total segments detected:  156
  Files with detections:    21

========================================================================
  DETECTIONS
========================================================================

File               Ch    Start      End   Freq      Amp    PreBL   PostBL  Period
---------------------------------------------------------------------------------
20260406172519    252    940.0   1135.0   20.0    169.0   1695.5   1774.3   0.849
20260406175840     91   1400.0   1445.0   20.0    290.1   1291.5   1286.8   0.643
20260406175840     91   1515.0   1620.0   20.0    314.5   1312.0   1288.6   0.850
20260406175840    237    815.0    835.0   12.5    220.8   1586.2   1605.6   0.438
20260406175840    237    875.0    885.0   14.3    228.0   1606.9   1611.9   0.492
20260406175840    237    935.0    955.0   14.3    254.8   1613.0   1608.3   0.571
20260406175840    237   1075.0   1085.0   16.7    275.7   1620.1   1616.0   0.499
20260406175840    237   1135.0   1740.0    4.8    354.8   1628.1   1637.6   0.658
20260406175840    237   1775.0   1800.0    4.0    370.2   1626.5   1611.1   0.499
20260406201200     59    615.0    840.0   20.0    147.0   1330.0   1349.6   0.869
20260406201200    137   1560.0   1570.0   20.0    180.1   1299.5   1291.7   0.658
20260406215203    175    455.0    465.0    6.7    280.9   1411.9   1417.7   0.411
20260406215203    193   1465.0   1475.0   20.0     50.3   1485.3   1488.2   0.816
20260406215203    193   1625.0   1715.0   19.9    350.8   1532.6   1470.1   0.753
20260406215203    193   1750.0   1775.0   20.0    286.7   1454.3   1542.5   0.788
20260406215203    233   1355.0   1365.0   20.0     50.7   1219.1   1230.2   0.441
20260406215203    247    600.0   1790.0    4.1    487.8   1699.1   1781.7   0.836
20260406222524     57    475.0    585.0   20.0    107.2   1376.5   1384.9   0.803
20260406222524    198    120.0    130.0   20.0     87.4   1542.0   1541.9   0.624
20260406222524    198    545.0    595.0   20.0     79.2   1565.0   1564.6   0.712
20260406222524    198    735.0    790.0   20.0     87.8   1562.3   1562.8   0.713
20260406222524    198    840.0    880.0   20.0     81.5   1562.3   1560.7   0.713
20260406222524    198    960.0   1445.0   20.0     99.3   1577.3   1567.1   0.750
20260406222524    198   1500.0   1510.0    3.2     85.3   1565.2   1564.9   0.440
20260406222524    198   1580.0   1635.0   20.0     99.2   1563.5   1566.6   0.684
20260406222524    198   1725.0   1735.0   20.0     90.9   1563.2   1562.7   0.625
20260406222524    198   1790.0   1800.0   20.0     91.9   1563.4   1561.6   0.637
20260406222524    241    545.0    555.0    4.2    133.6   1635.9   1659.4   0.451
20260406222524    241   1325.0   1335.0   20.0    128.2   1711.8   1709.1   0.641
20260406222524    241   1410.0   1420.0   20.0    119.0   1690.7   1702.1   0.685
20260406222524    241   1610.0   1680.0   20.0    133.1   1705.2   1696.0   0.828
20260406222524    241   1745.0   1760.0   20.0    124.1   1691.5   1693.6   0.846
20260406222524    247    345.0    810.0    1.9    495.4   1695.3   1783.4   0.816
20260406222524    247    945.0    970.0    0.9    425.0   1751.7   1802.4   0.558
20260406222524    247   1055.0   1075.0    0.6    407.9   1763.7   1761.0   0.577
20260406222524    247   1120.0   1155.0    0.6    409.4   1758.3   1760.8   0.576
20260406225845    143    605.0    615.0   20.0     36.7   1371.1   1368.9   0.796
20260406225845    143    885.0    910.0   20.0     43.1   1372.5   1376.7   0.736
20260406225845    143   1060.0   1070.0   20.0     36.9   1377.2   1379.9   0.730
20260406233204      6    295.0    470.0   20.0    285.4   1596.7   1622.9   0.719
20260406233204      6   1775.0   1785.0   20.0     47.1   1395.1   1388.1   0.785
20260406233204     12      0.0     20.0    6.1    107.9      0.0   1522.1   0.479
20260406233204     12   1740.0   1750.0   20.0     72.3   1415.5   1414.9   0.580
20260406233204     95   1130.0   1140.0   20.0     28.5   1388.9   1389.2   0.617
20260406233204     95   1400.0   1465.0   20.0     33.9   1389.8   1360.6   0.671
20260406233204    121    240.0    545.0    7.0    236.7   1356.6   1406.5   0.681
20260406233204    121    775.0    790.0    3.1    247.3   1395.7   1401.0   0.533
20260406233204    121    860.0    890.0    6.7    259.1   1404.9   1408.5   0.677
20260406233204    143    985.0    995.0   20.0     45.3   1403.4   1400.9   0.856
20260406233204    143   1035.0   1045.0   20.0     50.8   1398.3   1401.4   0.834
20260406233204    143   1090.0   1100.0   20.0     48.7   1405.2   1403.1   0.844
20260406233204    143   1140.0   1225.0   20.0     47.1   1402.4   1403.0   0.858
20260406233204    143   1270.0   1315.0   20.0     49.4   1404.6   1407.5   0.861
20260406233204    143   1415.0   1425.0   20.0     50.9   1397.8   1392.4   0.860
20260406233204    143   1535.0   1545.0   20.0     48.1   1370.8   1369.8   0.867
20260406233204    143   1625.0   1635.0   20.0     45.7   1368.5   1367.3   0.859
20260407000525      6      5.0   1600.0    3.0    160.6   1434.1   1476.4   0.736
20260407000525      6   1635.0   1645.0    2.4    146.8   1476.9   1478.0   0.478
20260407000525      6   1700.0   1795.0    3.1    147.2   1466.9   1474.4   0.554
20260407000525      7    675.0    760.0   16.8    113.6   1520.9   1525.5   0.632
20260407000525      7   1505.0   1525.0    2.5    459.4   1520.0   1517.1   0.691
20260407000525     12    980.0    990.0   20.0     80.1   1556.3   1558.9   0.683
20260407000525     12   1300.0   1315.0   20.0     76.5   1558.7   1553.1   0.641
20260407000525     12   1665.0   1675.0   20.0     72.6   1542.0   1540.6   0.636
20260407000525    153   1675.0   1685.0   20.0     26.0   1429.4   1427.6   0.891
20260407000525    153   1760.0   1775.0   20.0     22.2   1427.4   1430.2   0.851
20260407003844      6      5.0    475.0    2.4    223.8   1446.0   1492.3   0.728
20260407003844      6    555.0    575.0    1.7    214.2   1489.0   1493.8   0.506
20260407003844      6   1405.0   1415.0    0.7    226.4   1482.0   1480.1   0.735
20260407003844      7      0.0     15.0    5.8    116.4      0.0   1586.5   0.625
20260407003844     12    935.0    970.0   20.0     81.4   1579.5   1577.6   0.710
20260407003844     16    255.0    265.0   20.0     81.2   1649.2   1687.2   0.747
20260407003844     95     25.0     40.0   20.0     68.7   1431.6   1428.9   0.661
20260407003844     95     75.0     90.0   20.0     67.3   1427.7   1433.5   0.674
20260407003844     95    145.0    230.0   20.0     75.2   1433.1   1440.2   0.707
20260407003844     95    360.0    420.0   20.0     79.3   1450.3   1453.6   0.691
20260407003844     95    520.0    535.0   20.0     70.5   1454.8   1454.9   0.656
20260407003844     95    655.0    665.0   20.0     69.6   1453.6   1454.7   0.604
20260407003844     95    725.0    735.0   20.0     74.1   1458.9   1456.4   0.627
20260407003844    155   1460.0   1470.0   16.7     33.9   1497.0   1497.6   0.506
20260407003844    171    935.0    955.0    6.2     92.7   1476.4   1477.5   0.489
20260407003844    171   1125.0   1135.0    4.5     81.6   1483.5   1440.5   0.414
20260407003844    221      0.0    305.0   20.0    145.3      0.0   1686.6   0.764
20260407003844    221    340.0    510.0   20.0    138.3   1689.2   1688.8   0.710
20260407003844    221    550.0    600.0   20.0    129.9   1691.9   1695.4   0.683
20260407003844    221    650.0    845.0   20.0    148.5   1692.9   1688.6   0.655
20260407003844    221   1020.0   1050.0   20.0    138.3   1680.4   1678.6   0.652
20260407003844    221   1085.0   1135.0   20.0    135.0   1683.9   1686.2   0.656
20260407003844    221   1200.0   1560.0    2.7    137.3   1684.3   1680.9   0.708
20260407003844    221   1610.0   1635.0   11.2    129.5   1676.7   1681.6   0.590
20260407003844    221   1700.0   1710.0   20.0    121.7   1681.1   1678.5   0.620
20260407003844    221   1775.0   1800.0   11.2    130.5   1673.2   1664.3   0.620
20260407011204     12    515.0    525.0   20.0     68.2   1596.7   1597.9   0.607
20260407011204     12   1310.0   1320.0   20.0     57.9   1563.7   1574.6   0.655
20260407011204     95   1000.0   1015.0   20.0     55.0   1465.8   1466.0   0.801
20260407011204     95   1055.0   1080.0   20.0     64.8   1467.8   1464.8   0.809
20260407011204     95   1115.0   1735.0   20.0     71.0   1465.6   1463.1   0.801
20260407011204    153   1715.0   1730.0   20.0     40.1   1501.3   1495.6   0.856
20260407014523    155   1405.0   1420.0    4.9     67.7   1560.6   1560.4   0.413
20260407014523    155   1460.0   1470.0    5.9     64.0   1557.5   1558.1   0.416
20260407014523    155   1630.0   1665.0    5.6     68.7   1561.6   1558.9   0.445
20260407014523    222    285.0    295.0   20.0     48.7   1796.9   1791.9   0.584
20260407021843    155   1785.0   1795.0    4.3     75.8   1583.8   1583.2   0.404
20260407021843    255    615.0   1800.0   10.8    132.2   1759.7   1788.9   0.806
20260407025202    228   1545.0   1560.0   20.0     51.5   1769.7   1764.8   0.478
20260407025202    228   1650.0   1695.0   20.0     45.3   1762.9   1765.3   0.489
20260407025202    228   1740.0   1760.0   20.0     46.0   1765.4   1760.0   0.492
20260407025202    239   1180.0   1305.0   20.0     84.2   1777.3   1786.4   0.808
20260407025202    239   1355.0   1380.0   20.0     82.1   1781.2   1784.0   0.786
20260407025202    239   1560.0   1570.0   20.0     93.4   1793.3   1781.0   0.719
20260407025202    253    610.0    625.0   20.0    132.8   1783.7   1792.9   0.493
20260407025202    253    915.0   1520.0   13.9    296.2   1849.5   1879.9   0.680
20260407025202    253   1560.0   1800.0   11.8    274.0   1881.0   1841.6   0.686
20260407025202    255     75.0     85.0   20.0     68.8   1778.3   1781.6   0.624
20260407025202    255    130.0    160.0   20.0     80.3   1777.8   1789.2   0.634
20260407025202    255    395.0    415.0    3.5     87.7   1782.6   1778.6   0.565
20260407025202    255    545.0    555.0    4.8     83.9   1785.6   1781.2   0.416
20260407025202    255    650.0    680.0    4.5     82.5   1784.0   1786.7   0.470
20260407025202    255   1205.0   1215.0    3.8     80.7   1784.8   1798.8   0.467
20260407025202    255   1275.0   1285.0    4.3     75.7   1783.5   1781.2   0.593
20260407025202    255   1335.0   1345.0    3.2     78.0   1783.1   1782.4   0.413
20260407025202    255   1455.0   1465.0    3.3    102.5   1815.5   1811.3   0.424
20260407025202    255   1505.0   1585.0    3.9    120.2   1815.6   1819.0   0.460
20260407025202    255   1630.0   1790.0    4.0    134.8   1811.9   1806.9   0.522
20260407032521    239   1125.0   1800.0   10.6    153.3   1811.3   1824.3   0.864
20260407032521    253    750.0    805.0   17.4     80.1   1773.1   1760.2   0.685
20260407032521    253   1280.0   1315.0    9.1    103.6   1793.4   1793.5   0.505
20260407032521    253   1360.0   1800.0   12.4    144.5   1806.9   1823.8   0.851
20260407032521    255   1215.0   1225.0   20.0    106.3   1838.6   1832.7   0.802
20260407035840    253    585.0    595.0   14.3    117.7   1742.9   1771.2   0.406
20260407043158    101   1440.0   1585.0   20.0     98.8   1361.8   1361.1   0.879
20260407043158    101   1655.0   1700.0   20.0     82.3   1361.0   1357.0   0.895
20260407043158    228    970.0    980.0    0.3     79.5   1797.4   1740.3   0.598
20260407043158    253    570.0    610.0   20.0    222.6   1888.2   1888.7   0.573
20260407043158    253    645.0    655.0   16.7    214.4   1892.2   1890.7   0.448
20260407043158    253   1005.0   1015.0    8.3    322.6   1913.9   1914.6   0.415
20260407043158    253   1235.0   1245.0    4.0    337.3   1940.7   1766.8   0.498
20260407043158    253   1470.0   1490.0    2.6    329.6   1908.6   1903.9   0.525
20260407043158    253   1550.0   1565.0    2.2    297.4   1901.5   1900.1   0.607
20260407043158    253   1650.0   1660.0    2.2    308.4   1906.1   1904.7   0.559
20260407050517     17    160.0    190.0   20.0    117.8   1879.7   1881.7   0.756
20260407050517     17    530.0    575.0    4.2    135.4   1899.5   1898.6   0.456
20260407050517    253    865.0    875.0   14.3     66.7   1824.0   1819.4   0.413
20260407050517    253    910.0    955.0   15.1     92.3   1823.1   1838.3   0.676
20260407050517    253    990.0   1730.0   13.9    135.2   1833.5   1863.2   0.800
20260407061154    253   1135.0   1165.0    0.3    135.0   1951.6   1926.8   0.599
20260407064513     71   1150.0   1435.0   19.6     74.7   1426.8   1428.6   0.789
20260407064513     71   1525.0   1665.0    2.9     79.5   1432.2   1431.0   0.633
20260407064513     71   1710.0   1790.0   17.8     76.8   1435.6   1429.6   0.731
20260407064513    168    760.0    770.0   20.0     90.6   1798.6   1796.5   0.689
20260407064513    168   1235.0   1245.0   20.0     85.4   1787.3   1785.6   0.686
20260407071832    237   1565.0   1575.0   11.1    259.8   1711.4   1723.6   0.405
20260407093144    237      0.0     15.0    2.2    217.5      0.0   1937.0   0.448
20260407093144    237     55.0     65.0    0.9    220.9   1935.9   1937.3   0.471
20260407093144    237    320.0    355.0    7.5    189.6   1913.5   1911.9   0.528
20260407093144    237    395.0   1800.0   11.1    167.3   1885.9   1852.9   0.782

========================================================================
  End of report
========================================================================
