========================================================================
  STEP NOISE FINDER — SCAN REPORT
========================================================================

Date:       2026-05-22 13:09:07
Folder:     E:/Data/Complete_Runs\KSH01-010E-02L66628w01-201H10a
Files:      32
            - KSH01-010E-02L66628w01-201H10a-OHMX201-UNO256_201_20260406172513_Baseline.tdd
            - KSH01-010E-02L66628w01-201H10a-OHMX201-UNO256_201_20260406173030_Baseline.tdd
            - KSH01-010E-02L66628w01-201H10a-OHMX201-UNO256_201_20260406180349_Baseline.tdd
            - KSH01-010E-02L66628w01-201H10a-OHMX201-UNO256_201_20260406183710_Baseline.tdd
            - KSH01-010E-02L66628w01-201H10a-OHMX201-UNO256_201_20260406191029_Baseline.tdd
            - KSH01-010E-02L66628w01-201H10a-OHMX201-UNO256_201_20260406194348_Baseline.tdd
            - KSH01-010E-02L66628w01-201H10a-OHMX201-UNO256_201_20260406201708_Baseline.tdd
            - KSH01-010E-02L66628w01-201H10a-OHMX201-UNO256_201_20260406205028_Baseline.tdd
            - KSH01-010E-02L66628w01-201H10a-OHMX201-UNO256_201_20260406212348_Baseline.tdd
            - KSH01-010E-02L66628w01-201H10a-OHMX201-UNO256_201_20260406215706_Baseline.tdd
            - KSH01-010E-02L66628w01-201H10a-OHMX201-UNO256_201_20260406223026_Baseline.tdd
            - KSH01-010E-02L66628w01-201H10a-OHMX201-UNO256_201_20260406230346_Baseline.tdd
            - KSH01-010E-02L66628w01-201H10a-OHMX201-UNO256_201_20260406233705_Baseline.tdd
            - KSH01-010E-02L66628w01-201H10a-OHMX201-UNO256_201_20260407001026_Baseline.tdd
            - KSH01-010E-02L66628w01-201H10a-OHMX201-UNO256_201_20260407004344_Baseline.tdd
            - KSH01-010E-02L66628w01-201H10a-OHMX201-UNO256_201_20260407011703_Baseline.tdd
            - KSH01-010E-02L66628w01-201H10a-OHMX201-UNO256_201_20260407015022_Baseline.tdd
            - KSH01-010E-02L66628w01-201H10a-OHMX201-UNO256_201_20260407022342_Baseline.tdd
            - KSH01-010E-02L66628w01-201H10a-OHMX201-UNO256_201_20260407025700_Baseline.tdd
            - KSH01-010E-02L66628w01-201H10a-OHMX201-UNO256_201_20260407033020_Baseline.tdd
            - KSH01-010E-02L66628w01-201H10a-OHMX201-UNO256_201_20260407040339_Baseline.tdd
            - KSH01-010E-02L66628w01-201H10a-OHMX201-UNO256_201_20260407043658_Baseline.tdd
            - KSH01-010E-02L66628w01-201H10a-OHMX201-UNO256_201_20260407051018_Baseline.tdd
            - KSH01-010E-02L66628w01-201H10a-OHMX201-UNO256_201_20260407054337_Baseline.tdd
            - KSH01-010E-02L66628w01-201H10a-OHMX201-UNO256_201_20260407061657_Baseline.tdd
            - KSH01-010E-02L66628w01-201H10a-OHMX201-UNO256_201_20260407065014_Baseline.tdd
            - KSH01-010E-02L66628w01-201H10a-OHMX201-UNO256_201_20260407072334_Baseline.tdd
            - KSH01-010E-02L66628w01-201H10a-OHMX201-UNO256_201_20260407075652_Baseline.tdd
            - KSH01-010E-02L66628w01-201H10a-OHMX201-UNO256_201_20260407083010_Baseline.tdd
            - KSH01-010E-02L66628w01-201H10a-OHMX201-UNO256_201_20260407090329_Baseline.tdd
            - KSH01-010E-02L66628w01-201H10a-OHMX201-UNO256_201_20260407093645_Baseline.tdd
            - KSH01-010E-02L66628w01-201H10a-OHMX201-UNO256_201_20260407101002_Baseline.tdd

Parameters:
  Amplitude  >= 50.0 mV
  Frequency     0.5 - 20.0 Hz
  Periodicity >= 0.2
  Gap merge  <= 30.0 s

========================================================================
  SUMMARY
========================================================================

  Channels with step noise: 63
  Total segments detected:  100
  Files with detections:    18

========================================================================
  DETECTIONS
========================================================================

File               Ch    Start      End   Freq      Amp    PreBL   PostBL  Period
---------------------------------------------------------------------------------
20260406173030     37   1170.0   1800.0   10.4    190.6   1399.3   1444.5   0.374
20260406180349     37   1011.0   1350.0   20.0    145.4   1323.6   1364.1   0.331
20260406180349     37   1401.0   1636.0    6.0    177.7   1367.8   1358.6   0.422
20260406212348     37    841.0   1797.0   15.7    224.3   1385.7   1397.5   0.684
20260406180349     26   1411.0   1455.0    7.1    113.9   1380.9   1368.6   0.358
20260406180349     26   1550.0   1801.0    3.0    299.0   1364.2      N/A   0.668
20260406183710     26   1375.0   1395.0    6.0    128.3   1371.1   1448.3   0.392
20260406183710     26   1558.0   1800.0   20.0    323.3   1355.7   1380.3   0.694
20260406212348     26   1385.0   1434.0   14.6    180.0   1320.1   1325.2   0.577
20260406212348     26   1490.0   1800.0    6.7    232.9   1316.4   1393.1   0.690
20260406215706     26    925.0    969.0    3.5    237.7   1372.5   1184.9   0.259
20260406215706     26   1045.0   1285.0    4.0    359.3   1149.6   1361.3   0.630
20260406215706     26   1390.0   1410.0    3.9    223.9   1371.1   1362.8   0.342
20260406215706     26   1565.0   1739.0    1.6    266.1   1390.4   1388.1   0.675
20260406223026     26    689.0    752.0   18.4    231.7   1383.4   1377.4   0.446
20260406223026     26    850.0    895.0   12.7    149.4   1397.6   1397.9   0.410
20260406233705     26    417.0    505.0   15.8     76.8   1407.9   1429.5   0.576
20260407001026     26    296.0    420.0   12.8     71.0   1404.8   1426.0   0.580
20260406180349     36    869.0   1800.0    6.3    266.3   1369.9   1369.0   0.731
20260406183710     40   1450.0   1471.0   20.0    102.2   1348.8   1313.6   0.253
20260406191029     40    631.0    769.0    0.8     98.6   1419.7   1374.4   0.284
20260406191029     40    800.0    812.0   20.0    116.7   1349.0   1332.6   0.556
20260406183710     99   1112.0   1277.0    0.8    108.3   1275.1   1115.1   0.272
20260406183710    148   1055.0   1187.0    1.3    154.6   1233.9   1229.3   0.207
20260406183710    148   1236.0   1321.0   19.2    412.7   1241.6   1282.6   0.449
20260406183710    148   1410.0   1799.0   19.9    271.4   1268.1   1290.6   0.428
20260406183710    176    510.0    530.0    1.0    144.4   1338.4   1439.5   0.213
20260406183710    176    614.0    666.0   12.5    187.2   1322.7   1422.7   0.220
20260406183710    202   1564.0   1678.0   11.1    128.8   1321.8   1325.7   0.235
20260406191029    162   1717.0   1799.0    4.2    368.9   1348.5   1356.8   0.307
20260406191029    170   1280.0   1290.0    8.3    276.1   1270.8   1269.3   0.477
20260406194348    170    865.0    875.0    2.9     66.0   1376.9   1325.3   0.216
20260406194348    170    915.0   1800.0    8.9    257.6   1369.3   1415.3   0.591
20260406201708    170   1005.0   1070.0   20.0     88.5   1321.2   1202.7   0.685
20260406212348    170    586.0   1800.0    7.2    123.2   1266.9   1337.5   0.816
20260406215706    170   1190.0   1800.0    3.3     84.6   1361.9   1376.2   0.694
20260406191029    188   1350.0   1800.0    3.3    239.0   1268.8   1339.9   0.771
20260406194348    188   1097.0   1645.0    8.2    213.3   1332.8   1337.8   0.780
20260406194348    188   1685.0   1800.0    9.7    192.7   1361.9   1365.4   0.750
20260406194348     66    577.0   1799.0    1.2    115.2   1388.3   1434.0   0.693
20260406201708     66      0.0   1800.0    3.5    122.0      0.0   1368.4   0.524
20260406205028     66    815.0   1800.0    1.5    102.8   1460.6   1460.2   0.548
20260406212348     66    947.0   1800.0   20.0     69.5   1411.7   1425.8   0.866
20260406194348    109    862.0    963.0    3.6    181.0   1243.0   1223.5   0.321
20260406205028    109    420.0    442.0    1.4     78.2   1234.0   1259.3   0.216
20260406205028    109    547.0    653.0   16.9    145.8   1269.0   1271.2   0.496
20260406230346    109    613.0   1364.0   15.4    102.6   1282.5   1342.3   0.853
20260406230346    109   1487.0   1505.0   20.0     54.4   1349.1   1345.5   0.849
20260406194348    134   1118.0   1613.0    5.9    428.8   1294.1   1271.7   0.581
20260406194348    134   1710.0   1800.0    3.2    211.8   1279.3   1290.8   0.213
20260406215706    134   1290.0   1315.0    4.8     68.4   1245.2   1249.3   0.319
20260406215706    134   1366.0   1793.0    1.2    124.6   1237.8   1294.2   0.450
20260406223026    134    476.0    509.0   20.0    108.6   1214.6   1226.7   0.747
20260406194348    158   1680.0   1741.0   20.0     80.6   1328.9   1372.0   0.256
20260406194348    166   1542.0   1799.0    0.9    204.3   1293.0   1427.9   0.331
20260406201708     17    242.0    323.0   20.0     91.5   1437.8   1521.0   0.835
20260406201708    253   1585.0   1800.0    5.0    297.0   1653.1   1585.4   0.737
20260406205028    253    575.0   1680.0    1.4     98.8   1735.9   1670.9   0.720
20260406205028     80    945.0   1782.0   13.8    291.6   1289.4   1317.3   0.636
20260406212348     80   1147.0   1205.0   10.0     90.3   1241.3   1252.0   0.219
20260406223026     80    941.0   1185.0   16.9    280.3   1297.0   1340.7   0.649
20260406205028    101      0.0     47.0    3.7     56.7      0.0   1283.7   0.357
20260406205028    101    213.0    368.0   17.9     79.0   1287.5   1302.8   0.610
20260406205028    101    440.0    455.0   20.0     56.2   1301.6   1303.6   0.720
20260406205028    161    309.0   1381.0   16.1    193.3   1271.1   1361.1   0.799
20260406212348     65    910.0    947.0   20.0     55.9   1310.2   1315.0   0.816
20260406223026     65   1493.0   1544.0    3.0    251.9   1313.2   1201.0   0.516
20260406230346     65    480.0    500.0   20.0     61.4   1328.9   1317.6   0.603
20260406230346     65    540.0    820.0    7.6    255.5   1317.9   1233.1   0.749
20260406230346     65    950.0   1008.0    6.1     63.6   1266.4   1278.8   0.393
20260406230346     65   1040.0   1124.0    8.5     69.5   1285.0   1289.7   0.457
20260406230346     65   1305.0   1485.0    6.2    260.5   1304.9   1169.0   0.816
20260406230346     65   1549.0   1620.0   10.9    306.4   1161.6   1153.5   0.655
20260406230346     65   1730.0   1800.0    7.8    268.3   1188.8   1294.8   0.666
20260406233705     65    595.0    650.0    2.0     65.4   1358.3   1351.7   0.359
20260406212348    207    965.0   1638.0    2.9     77.1    966.6   1011.6   0.527
20260406215706     73    680.0   1065.0   12.7    199.6   1309.5   1288.6   0.812
20260406215706     73   1122.0   1157.0   11.0    153.8   1287.6   1294.5   0.724
20260406215706     73   1470.0   1497.0   20.0    131.7   1308.3   1303.7   0.737
20260406223026    227   1369.0   1453.0    1.6     78.2   1467.8   1482.1   0.206
20260406230346     56    594.0    634.0   20.0    102.3   1291.5   1307.9   0.597
20260406230346     72    845.0    879.0   20.0     62.4   1338.1   1348.5   0.606
20260406230346    122   1557.0   1735.0   16.2    184.2   1334.3   1364.2   0.687
20260407025700    122    853.0    875.0    1.3    132.7   1285.8   1293.8   0.301
20260407025700    122    917.0    951.0    1.3     85.0   1301.3   1318.5   0.289
20260407025700    122   1135.0   1162.0    1.1    137.9   1309.0   1324.3   0.431
20260407001026     58   1430.0   1510.0    8.3    137.7   1356.0   1267.4   0.574
20260407001026     58   1577.0   1611.0   20.0    158.1   1263.9   1207.7   0.763
20260407011703     58    690.0    870.0    9.0    171.2   1479.8   1337.6   0.650
20260407011703     58    958.0    990.0    2.4    341.6   1285.5   1295.1   0.628
20260407011703     58   1369.0   1435.0    5.0    237.3   1362.1   1345.8   0.405
20260407015022     58    530.0   1255.0   19.9    294.4   1377.0   1382.8   0.805
20260407022342     58    592.0    941.0   19.9    255.2   1373.1   1390.4   0.758
20260407015022    167    504.0    543.0    1.0    222.2   1142.4   1215.6   0.402
20260407022342      6    660.0    680.0    5.3     52.3   1665.2   1669.4   0.279
20260407022342      6    855.0   1172.0   12.7     69.2   1654.9   1680.4   0.453
20260407022342      6   1235.0   1245.0   12.5     51.3   1675.4   1683.4   0.200
20260407022342      6   1411.0   1425.0    0.8     50.3   1683.4   1680.4   0.211
20260407022342      6   1614.0   1799.0   11.6     67.7   1690.2   1683.0   0.346
20260407051018    245    560.0   1800.0    8.2    145.5   1698.8   1756.6   0.687

========================================================================
  End of report
========================================================================
