========================================================================
  STEP NOISE FINDER — SCAN REPORT
========================================================================

Date:       2026-05-22 13:12:23
Folder:     E:/Data/Complete_Runs\KSH01-010E-02L66628w01-237F07a
Files:      18
            - KSH01-010E-02L66628w01-237F07a-OHMX237-237_20260406172307_Baseline.tdd
            - KSH01-010E-02L66628w01-237F07a-OHMX237-237_20260406172830_Baseline.tdd
            - KSH01-010E-02L66628w01-237F07a-OHMX237-237_20260406180157_Baseline.tdd
            - KSH01-010E-02L66628w01-237F07a-OHMX237-237_20260406183522_Baseline.tdd
            - KSH01-010E-02L66628w01-237F07a-OHMX237-237_20260406190846_Baseline.tdd
            - KSH01-010E-02L66628w01-237F07a-OHMX237-237_20260406194207_Baseline.tdd
            - KSH01-010E-02L66628w01-237F07a-OHMX237-237_20260406201528_Baseline.tdd
            - KSH01-010E-02L66628w01-237F07a-OHMX237-237_20260406204854_Baseline.tdd
            - KSH01-010E-02L66628w01-237F07a-OHMX237-237_20260406212217_Baseline.tdd
            - KSH01-010E-02L66628w01-237F07a-OHMX237-237_20260406215542_Baseline.tdd
            - KSH01-010E-02L66628w01-237F07a-OHMX237-237_20260406222905_Baseline.tdd
            - KSH01-010E-02L66628w01-237F07a-OHMX237-237_20260406230228_Baseline.tdd
            - KSH01-010E-02L66628w01-237F07a-OHMX237-237_20260406233549_Baseline.tdd
            - KSH01-010E-02L66628w01-237F07a-OHMX237-237_20260407000912_Baseline.tdd
            - KSH01-010E-02L66628w01-237F07a-OHMX237-237_20260407004237_Baseline.tdd
            - KSH01-010E-02L66628w01-237F07a-OHMX237-237_20260407011558_Baseline.tdd
            - KSH01-010E-02L66628w01-237F07a-OHMX237-237_20260407014921_Baseline.tdd
            - KSH01-010E-02L66628w01-237F07a-OHMX237-237_20260407022244_Baseline.tdd

Parameters:
  Amplitude  >= 50.0 mV
  Frequency     0.5 - 20.0 Hz
  Periodicity >= 0.2
  Gap merge  <= 30.0 s

========================================================================
  SUMMARY
========================================================================

  Channels with step noise: 42
  Total segments detected:  60
  Files with detections:    14

========================================================================
  DETECTIONS
========================================================================

File               Ch    Start      End   Freq      Amp    PreBL   PostBL  Period
---------------------------------------------------------------------------------
20260406172830    244   1530.0   1585.0   20.0     58.8   1600.8   1598.9   0.398
20260406172830    244   1754.0   1797.0   17.8     91.3   1641.8   1603.8   0.413
20260406183522     48    371.0   1140.0   20.0     98.4   1266.8   1341.1   0.884
20260406183522    138   1096.0   1489.0   19.1    230.7   1284.4   1260.0   0.832
20260406183522    185    532.0   1800.0   10.3    306.3   1310.1   1451.8   0.839
20260406190846    185    151.0   1800.0    5.9    191.9   1331.2   1409.6   0.643
20260406194207    185   1054.0   1070.0    3.2     51.9   1438.2   1441.1   0.277
20260406194207    185   1130.0   1166.0    3.1     56.3   1441.4   1446.8   0.377
20260406194207    185   1254.0   1800.0    2.7    101.8   1447.8   1487.4   0.758
20260406201528    185    317.0   1800.0    2.5     84.9   1470.2   1500.7   0.707
20260406204854    185      0.0   1800.0    1.8    101.5      0.0   1555.0   0.750
20260406212217    185      0.0   1800.0    1.6    103.2      0.0   1583.9   0.757
20260406183522    248    100.0    110.0   10.0     69.1   1634.8   1513.0   0.245
20260406190846    190   1300.0   1483.0    4.0    210.4   1408.5   1371.9   0.321
20260406204854    190   1190.0   1310.0    3.6     54.7   1472.7   1473.4   0.393
20260406204854    190   1385.0   1412.0    3.8     53.6   1478.3   1468.3   0.352
20260406204854    190   1528.0   1540.0    2.9     50.2   1471.9   1463.4   0.447
20260406212217    190    859.0    916.0   20.0     55.0   1478.6   1492.8   0.846
20260406212217    190    970.0    980.0   20.0     51.6   1475.2   1476.2   0.817
20260406212217    190   1415.0   1431.0   20.0     52.9   1486.6   1483.3   0.838
20260406212217    190   1530.0   1540.0   20.0     50.5   1483.9   1482.1   0.810
20260406212217    190   1660.0   1700.0   20.0     53.5   1485.0   1487.1   0.830
20260406212217    190   1755.0   1765.0   20.0     50.5   1488.1   1486.9   0.800
20260406194207     12   1582.0   1640.0    1.0     83.6   1362.8   1378.8   0.458
20260406201528     98    365.0    387.0    6.2    118.6   1275.4   1346.4   0.272
20260406201528     98    470.0    639.0   10.4     81.3   1353.1   1353.8   0.539
20260406201528     98   1035.0   1085.0   20.0     53.8   1367.2   1364.7   0.763
20260406204854     98      0.0   1800.0    1.4    117.4      0.0   1417.9   0.798
20260406204854     20    850.0    912.0    1.4    215.7   1401.6   1446.9   0.211
20260406204854     36   1065.0   1519.0    2.3    228.8   1406.8   1327.7   0.745
20260406212217     36      0.0    250.0    0.9    106.2      0.0   1442.6   0.378
20260406204854    232   1282.0   1691.0    6.3    133.4   1496.4   1518.3   0.375
20260406215542    243   1281.0   1726.0   20.0    165.3   1815.7   1844.3   0.878
20260406222905    243      0.0    398.0   20.0    190.1      0.0   2049.2   0.876
20260406233549    243      1.0    793.0   20.0    131.3   2059.5   2137.5   0.932
20260406222905     16   1735.0   1763.0    1.4    102.5   1438.4   1413.8   0.247
20260406222905    110   1430.0   1460.0    0.6     75.7   1267.6   1266.3   0.306
20260406230228    110      0.0    299.0    3.2    142.1      0.0   1217.6   0.438
20260406230228    110    506.0   1800.0    1.1    132.4   1204.7   1282.0   0.445
20260406233549    110    850.0   1800.0    0.6    114.4   1335.5   1334.9   0.583
20260406222905    184      5.0    177.0    0.9    220.8   1689.0   1675.9   0.394
20260406222905    184    627.0   1800.0    0.9    196.4   1499.2   1513.4   0.461
20260406230228    184      0.0   1800.0   20.0    209.6      0.0   1743.6   0.848
20260406233549    184      0.0   1800.0   11.7    214.4      0.0   1770.5   0.881
20260406230228      4      0.0     41.0    7.1    156.4      0.0   1491.0   0.427
20260406230228     27    470.0    561.0   20.0     84.1   1382.2   1359.7   0.623
20260406230228     27    768.0   1800.0   16.5    163.7   1395.3   1404.9   0.766
20260406230228    113    207.0    460.0   10.8    120.6   1289.4   1313.9   0.719
20260406233549    113    410.0   1727.0    1.8    197.9   1386.6   1288.4   0.539
20260406230228    227   1140.0   1185.0    5.4     59.1   1595.4   1591.0   0.486
20260406233549     74    950.0   1800.0    1.1    144.2   1370.9   1442.6   0.803
20260407000912    205   1718.0   1751.0   20.0    244.6   1463.1   1513.5   0.662
20260407014921    205      0.0    466.0    0.9    102.4      0.0   1608.2   0.360
20260407014921    205    810.0    840.0    0.6    103.5   1688.6   1707.5   0.602
20260407000912    222    440.0    458.0   20.0     60.6   1636.8   1637.3   0.839
20260407000912    222    749.0   1800.0   11.8     88.8   1643.1   1681.2   0.801
20260407011558     80   1775.0   1800.0   20.0     90.1   1433.0   1422.0   0.711
20260407011558    215      0.0    123.0   20.0     65.5      0.0   1599.3   0.850
20260407011558    215    388.0    569.0   20.0     74.5   1615.1   1618.1   0.860
20260407014921    171    665.0   1800.0    3.8    311.0   1385.3   1360.7   0.743

========================================================================
  End of report
========================================================================
