========================================================================
  STEP NOISE FINDER — SCAN REPORT
========================================================================

Date:       2026-04-22 13:18:32
Folder:     D:/Data2\Baseline_collection2\KAM02-031D-02L63894w05-445C15a\BASELINE_TDD_files
Files:      72
            - ._KAM02-031D-02L63894w05-445C15a-OhmX445-445_20251007150754_Baseline.tdd
            - ._KAM02-031D-02L63894w05-445C15a-OhmX445-445_20251007151324_Baseline.tdd
            - ._KAM02-031D-02L63894w05-445C15a-OhmX445-445_20251007154657_Baseline.tdd
            - ._KAM02-031D-02L63894w05-445C15a-OhmX445-445_20251007162031_Baseline.tdd
            - ._KAM02-031D-02L63894w05-445C15a-OhmX445-445_20251007165406_Baseline.tdd
            - ._KAM02-031D-02L63894w05-445C15a-OhmX445-445_20251007172739_Baseline.tdd
            - ._KAM02-031D-02L63894w05-445C15a-OhmX445-445_20251007180112_Baseline.tdd
            - ._KAM02-031D-02L63894w05-445C15a-OhmX445-445_20251007183445_Baseline.tdd
            - ._KAM02-031D-02L63894w05-445C15a-OhmX445-445_20251007190818_Baseline.tdd
            - ._KAM02-031D-02L63894w05-445C15a-OhmX445-445_20251007194151_Baseline.tdd
            - ._KAM02-031D-02L63894w05-445C15a-OhmX445-445_20251007201525_Baseline.tdd
            - ._KAM02-031D-02L63894w05-445C15a-OhmX445-445_20251007204857_Baseline.tdd
            - ._KAM02-031D-02L63894w05-445C15a-OhmX445-445_20251007212230_Baseline.tdd
            - ._KAM02-031D-02L63894w05-445C15a-OhmX445-445_20251007215602_Baseline.tdd
            - ._KAM02-031D-02L63894w05-445C15a-OhmX445-445_20251007222936_Baseline.tdd
            - ._KAM02-031D-02L63894w05-445C15a-OhmX445-445_20251007230309_Baseline.tdd
            - ._KAM02-031D-02L63894w05-445C15a-OhmX445-445_20251007233642_Baseline.tdd
            - ._KAM02-031D-02L63894w05-445C15a-OhmX445-445_20251008001015_Baseline.tdd
            - ._KAM02-031D-02L63894w05-445C15a-OhmX445-445_20251008004347_Baseline.tdd
            - ._KAM02-031D-02L63894w05-445C15a-OhmX445-445_20251008011719_Baseline.tdd
            - ._KAM02-031D-02L63894w05-445C15a-OhmX445-445_20251008015052_Baseline.tdd
            - ._KAM02-031D-02L63894w05-445C15a-OhmX445-445_20251008022424_Baseline.tdd
            - ._KAM02-031D-02L63894w05-445C15a-OhmX445-445_20251008025755_Baseline.tdd
            - ._KAM02-031D-02L63894w05-445C15a-OhmX445-445_20251008033127_Baseline.tdd
            - ._KAM02-031D-02L63894w05-445C15a-OhmX445-445_20251008040458_Baseline.tdd
            - ._KAM02-031D-02L63894w05-445C15a-OhmX445-445_20251008043829_Baseline.tdd
            - ._KAM02-031D-02L63894w05-445C15a-OhmX445-445_20251008051200_Baseline.tdd
            - ._KAM02-031D-02L63894w05-445C15a-OhmX445-445_20251008054530_Baseline.tdd
            - ._KAM02-031D-02L63894w05-445C15a-OhmX445-445_20251008061901_Baseline.tdd
            - ._KAM02-031D-02L63894w05-445C15a-OhmX445-445_20251008065231_Baseline.tdd
            - ._KAM02-031D-02L63894w05-445C15a-OhmX445-445_20251008072601_Baseline.tdd
            - ._KAM02-031D-02L63894w05-445C15a-OhmX445-445_20251008080947_Baseline.tdd
            - ._KAM02-031D-02L63894w05-445C15a-OhmX445-445_20251008084323_Baseline.tdd
            - ._KAM02-031D-02L63894w05-445C15a-OhmX445-445_20251008091657_Baseline.tdd
            - ._KAM02-031D-02L63894w05-445C15a-OhmX445-445_20251008095033_Baseline.tdd
            - ._KAM02-031D-02L63894w05-445C15a-OhmX445-445_20251008102408_Baseline.tdd
            - KAM02-031D-02L63894w05-445C15a-OhmX445-445_20251007150754_Baseline.tdd
            - KAM02-031D-02L63894w05-445C15a-OhmX445-445_20251007151324_Baseline.tdd
            - KAM02-031D-02L63894w05-445C15a-OhmX445-445_20251007154657_Baseline.tdd
            - KAM02-031D-02L63894w05-445C15a-OhmX445-445_20251007162031_Baseline.tdd
            - KAM02-031D-02L63894w05-445C15a-OhmX445-445_20251007165406_Baseline.tdd
            - KAM02-031D-02L63894w05-445C15a-OhmX445-445_20251007172739_Baseline.tdd
            - KAM02-031D-02L63894w05-445C15a-OhmX445-445_20251007180112_Baseline.tdd
            - KAM02-031D-02L63894w05-445C15a-OhmX445-445_20251007183445_Baseline.tdd
            - KAM02-031D-02L63894w05-445C15a-OhmX445-445_20251007190818_Baseline.tdd
            - KAM02-031D-02L63894w05-445C15a-OhmX445-445_20251007194151_Baseline.tdd
            - KAM02-031D-02L63894w05-445C15a-OhmX445-445_20251007201525_Baseline.tdd
            - KAM02-031D-02L63894w05-445C15a-OhmX445-445_20251007204857_Baseline.tdd
            - KAM02-031D-02L63894w05-445C15a-OhmX445-445_20251007212230_Baseline.tdd
            - KAM02-031D-02L63894w05-445C15a-OhmX445-445_20251007215602_Baseline.tdd
            - KAM02-031D-02L63894w05-445C15a-OhmX445-445_20251007222936_Baseline.tdd
            - KAM02-031D-02L63894w05-445C15a-OhmX445-445_20251007230309_Baseline.tdd
            - KAM02-031D-02L63894w05-445C15a-OhmX445-445_20251007233642_Baseline.tdd
            - KAM02-031D-02L63894w05-445C15a-OhmX445-445_20251008001015_Baseline.tdd
            - KAM02-031D-02L63894w05-445C15a-OhmX445-445_20251008004347_Baseline.tdd
            - KAM02-031D-02L63894w05-445C15a-OhmX445-445_20251008011719_Baseline.tdd
            - KAM02-031D-02L63894w05-445C15a-OhmX445-445_20251008015052_Baseline.tdd
            - KAM02-031D-02L63894w05-445C15a-OhmX445-445_20251008022424_Baseline.tdd
            - KAM02-031D-02L63894w05-445C15a-OhmX445-445_20251008025755_Baseline.tdd
            - KAM02-031D-02L63894w05-445C15a-OhmX445-445_20251008033127_Baseline.tdd
            - KAM02-031D-02L63894w05-445C15a-OhmX445-445_20251008040458_Baseline.tdd
            - KAM02-031D-02L63894w05-445C15a-OhmX445-445_20251008043829_Baseline.tdd
            - KAM02-031D-02L63894w05-445C15a-OhmX445-445_20251008051200_Baseline.tdd
            - KAM02-031D-02L63894w05-445C15a-OhmX445-445_20251008054530_Baseline.tdd
            - KAM02-031D-02L63894w05-445C15a-OhmX445-445_20251008061901_Baseline.tdd
            - KAM02-031D-02L63894w05-445C15a-OhmX445-445_20251008065231_Baseline.tdd
            - KAM02-031D-02L63894w05-445C15a-OhmX445-445_20251008072601_Baseline.tdd
            - KAM02-031D-02L63894w05-445C15a-OhmX445-445_20251008080947_Baseline.tdd
            - KAM02-031D-02L63894w05-445C15a-OhmX445-445_20251008084323_Baseline.tdd
            - KAM02-031D-02L63894w05-445C15a-OhmX445-445_20251008091657_Baseline.tdd
            - KAM02-031D-02L63894w05-445C15a-OhmX445-445_20251008095033_Baseline.tdd
            - KAM02-031D-02L63894w05-445C15a-OhmX445-445_20251008102408_Baseline.tdd

Parameters:
  Amplitude  >= 100.0 mV
  Frequency     4.0 - 20.0 Hz
  Periodicity >= 0.4
  Gap merge  <= 30.0 s

========================================================================
  SUMMARY
========================================================================

  Channels with step noise: 57
  Total segments detected:  109
  Files with detections:    24

========================================================================
  DETECTIONS
========================================================================

File               Ch    Start      End   Freq      Amp    PreBL   PostBL  Period
---------------------------------------------------------------------------------
20251007180112    169    670.0    785.0    4.7    189.6   1464.4   1444.2   0.498
20251007183445    146   1065.0   1155.0    4.9    113.9   1363.0   1370.4   0.681
20251007183445    178   1620.0   1690.0    4.6    274.1   1393.9   1380.2   0.616
20251007183445    178   1730.0   1800.0    5.1    182.7   1384.0   1370.6   0.739
20251007190818    178   1190.0   1800.0    4.2    190.3   1405.0   1424.5   0.818
20251007194151    234    775.0    845.0    6.1    126.0   1661.4   1699.7   0.734
20251007194151    242   1285.0   1350.0    6.1    422.2   1620.6   1641.2   0.597
20251007194151    242   1390.0   1655.0    5.5    445.5   1573.4   1621.2   0.686
20251007194151    242   1725.0   1795.0    4.9    415.5   1596.8   1699.7   0.707
20251007201525    146   1320.0   1355.0    4.2    167.8   1358.0   1368.6   0.603
20251007201525    242    565.0    610.0   15.5    394.7   1612.1   1593.6   0.550
20251007201525    242   1060.0   1070.0   14.3    301.4   1617.7   1613.8   0.446
20251007201525    242   1320.0   1350.0   19.6    443.3   1650.5   1650.4   0.574
20251007201525    243    930.0    990.0    6.2    127.0   1669.2   1683.4   0.446
20251007201525    243   1135.0   1170.0    5.3    158.3   1677.7   1672.0   0.555
20251007204857    146   1470.0   1550.0    4.8    233.6   1357.1   1351.3   0.549
20251007204857    178    885.0    965.0    4.4    208.0   1419.5   1446.2   0.608
20251007204857    242    755.0    770.0   20.0    454.9   1639.6   1641.0   0.477
20251007204857    242    885.0    900.0   11.1    446.6   1653.9   1646.8   0.469
20251007204857    242   1010.0   1025.0   20.0    329.8   1604.2   1607.2   0.538
20251007212230    146   1415.0   1425.0    4.5    259.7   1334.2   1337.8   0.470
20251007212230    153    835.0    845.0    4.0    218.9   1373.5   1367.3   0.459
20251007212230    153    890.0    910.0    4.6    300.8   1351.4   1300.2   0.478
20251007212230    169    395.0    600.0    4.1    163.4   1419.7   1439.6   0.711
20251007212230    178   1405.0   1740.0    4.0    143.7   1444.4   1437.5   0.873
20251007212230    242   1520.0   1530.0    5.3    141.1   1646.0   1653.0   0.530
20251007212230    242   1585.0   1640.0    7.6    265.6   1654.8   1647.8   0.557
20251007212230    242   1685.0   1800.0    6.0    236.9   1649.1   1639.8   0.580
20251007215602     61    320.0    380.0   12.2    157.3   1354.6   1389.7   0.687
20251007222936     41    630.0    760.0    4.9    185.4   1418.3   1466.1   0.773
20251007222936     41    805.0   1030.0    4.0    233.5   1476.7   1475.6   0.742
20251007222936     41   1130.0   1150.0    4.0    132.3   1397.6   1453.6   0.606
20251007222936     82    740.0    750.0    6.7    123.0   1350.1   1344.3   0.526
20251007222936    255   1170.0   1180.0    4.0    425.5   1917.9   1351.6   0.578
20251007222936    255   1470.0   1485.0   12.5    205.3   1857.0   1840.2   0.462
20251007222936    255   1540.0   1550.0   14.3    160.6   1832.4   1842.9   0.514
20251007222936    255   1670.0   1680.0   12.5    228.6   1827.0   1833.5   0.402
20251007222936    255   1785.0   1800.0   16.7    167.0   1833.7   1815.6   0.470
20251007230309     41   1745.0   1755.0    6.2    251.9   1314.8   1295.7   0.520
20251007230309    146   1390.0   1435.0    4.2    287.8   1389.8   1384.8   0.695
20251007230309    153    475.0    495.0    7.2    361.8   1337.4   1348.1   0.461
20251007230309    229    920.0   1675.0    5.3    337.8   1598.1   1543.7   0.758
20251007230309    229   1765.0   1800.0    5.4    273.6   1561.6   1581.8   0.726
20251007233642    153    730.0    740.0    5.3    281.4   1367.9   1342.6   0.507
20251007233642    153    780.0    845.0    4.0    275.1   1342.5   1343.3   0.607
20251007233642    255    400.0    410.0   20.0    277.7   1736.5   1732.1   0.497
20251007233642    255    540.0    550.0   16.7    315.4   1747.4   1744.3   0.417
20251008001015     64   1140.0   1180.0    5.2    226.7   1329.7   1353.4   0.516
20251008001015    153   1000.0   1010.0    4.8    251.5   1391.2   1401.0   0.429
20251008001015    153   1140.0   1150.0    5.3    223.3   1383.5   1369.9   0.482
20251008001015    153   1365.0   1565.0    4.0    221.6   1400.4   1402.9   0.609
20251008001015    234    190.0    200.0   14.3    294.5   1589.2   1587.2   0.474
20251008001015    255   1575.0   1590.0   20.0    263.8   1844.8   1898.0   0.611
20251008001015    255   1645.0   1800.0    5.8    530.7   1904.8   1887.9   0.637
20251008004347    255   1180.0   1190.0   20.0    215.4   1752.4   1824.4   0.508
20251008004347    255   1370.0   1415.0   19.9    382.2   1848.3   1702.3   0.759
20251008004347    255   1490.0   1505.0   12.5    475.4   1758.9   1861.3   0.501
20251008004347    255   1580.0   1615.0   12.5    474.9   1859.4   1872.5   0.705
20251008011719     75   1635.0   1645.0    5.0    235.9   1326.7   1402.6   0.481
20251008011719     75   1685.0   1695.0    5.9    262.3   1309.1   1422.3   0.510
20251008011719    146   1210.0   1220.0    4.2    219.2   1374.9   1363.0   0.529
20251008011719    153    840.0    855.0    6.2    328.5   1420.6   1406.4   0.533
20251008011719    153    920.0    930.0   10.0    240.0   1412.6   1414.7   0.456
20251008022424    153    345.0    540.0    4.1    204.7   1449.4   1468.8   0.776
20251008022424    153    660.0    725.0    4.0    175.7   1432.3   1448.9   0.753
20251008022424    153    965.0    985.0    4.5    257.2   1442.6   1436.7   0.500
20251008022424    153   1020.0   1160.0    4.0    265.1   1439.2   1467.3   0.801
20251008022424    255   1580.0   1625.0   17.5    470.4   1744.8   1629.5   0.528
20251008025755    153    335.0    375.0   10.8    127.5   1466.2   1469.8   0.700
20251008025755    153    410.0    475.0   12.2    363.4   1467.8   1420.7   0.578
20251008025755    153    515.0    585.0    5.2    258.1   1466.8   1348.6   0.586
20251008025755    153    680.0    695.0    4.8    314.2   1357.0   1350.3   0.507
20251008025755    153   1020.0   1030.0    4.0    219.6   1347.3   1489.5   0.406
20251008025755    199   1305.0   1340.0    6.4    333.6   1627.4   1482.2   0.632
20251008025755    199   1540.0   1550.0    5.3    218.4   1452.7   1456.8   0.446
20251008025755    199   1715.0   1730.0    4.0    222.1   1450.3   1454.0   0.644
20251008025755    253    735.0    760.0    4.7    228.7   1868.9   1745.8   0.457
20251008025755    255    670.0    720.0   16.9    465.0   1822.3   1858.3   0.655
20251008025755    255    805.0    820.0   11.1    592.5   1803.0   1820.2   0.548
20251008025755    255   1270.0   1280.0   20.0    195.0   1760.8   1801.5   0.520
20251008033127    153    510.0    525.0    4.4    350.0   1468.4   1382.1   0.512
20251008033127    153    625.0    720.0    5.8    343.9   1500.4   1401.7   0.698
20251008033127    153    760.0    830.0    5.6    270.3   1403.1   1394.4   0.718
20251008033127    153    885.0    930.0    4.2    272.5   1400.1   1401.9   0.741
20251008033127    153   1030.0   1045.0    4.0    255.1   1426.4   1480.6   0.498
20251008033127    153   1175.0   1190.0    4.2    242.3   1475.1   1479.1   0.586
20251008033127    253   1695.0   1705.0    4.0    120.1   1746.0   1813.8   0.468
20251008033127    255    965.0    975.0    6.2    553.1   1734.3   1470.4   0.478
20251008040458      9   1335.0   1345.0    4.0    156.4   1583.0   1578.1   0.451
20251008040458    253    350.0    540.0    7.6    156.3   1794.3   1832.4   0.861
20251008040458    255    365.0    520.0   11.8    354.6   1746.0   1731.7   0.768
20251008043829    153    410.0    485.0    7.7    212.1   1380.3   1392.1   0.606
20251008043829    153    550.0    560.0    5.6    199.5   1405.3   1404.8   0.465
20251008051200    153   1075.0   1090.0    4.0    153.1   1473.6   1460.9   0.476
20251008051200    163    360.0   1160.0    4.0    205.8   1534.8   1524.9   0.856
20251008054530    163    485.0    620.0    4.2    199.5   1482.0   1493.7   0.850
20251008054530    199    295.0    305.0   16.7    383.3   1427.8   1516.1   0.475
20251008054530    199    585.0    605.0   20.0    242.1   1494.4   1502.4   0.513
20251008061901    153    345.0    365.0    9.3    155.9   1418.9   1426.9   0.546
20251008061901    153    405.0    520.0    9.9    247.5   1435.2   1424.1   0.666
20251008061901    153    580.0    630.0    5.2    212.7   1429.6   1441.9   0.524
20251008061901    153    720.0    810.0    4.2    311.9   1431.9   1430.4   0.568
20251008061901    163    665.0    750.0    4.7    137.9   1530.7   1538.2   0.738
20251008061901    199    335.0    530.0    5.1    271.7   1529.0   1553.3   0.632
20251008061901    199    565.0    575.0    4.5    215.5   1563.1   1494.8   0.558
20251008061901    199    665.0    675.0    4.0    262.1   1575.4   1578.1   0.427
20251008065231    153    350.0    900.0    4.0    163.4   1411.7   1437.8   0.832
20251008065231    153    935.0    945.0    4.3    136.8   1437.2   1440.3   0.514
20251008091657    219    110.0    125.0    4.2    163.3   1236.6    998.8   0.513

========================================================================
  End of report
========================================================================
