========================================================================
  STEP NOISE FINDER — SCAN REPORT
========================================================================

Date:       2026-04-22 13:37:36
Folder:     D:/Data2\Baseline_collection2\KAM02-034B-02L64869w14-431C20a\BASELINE_TDD_files
Files:      66
            - ._KAM02-034B-02L64869w14-431C20a-OhmX431-431_20251016161729_Baseline.tdd
            - ._KAM02-034B-02L64869w14-431C20a-OhmX431-431_20251016162300_Baseline.tdd
            - ._KAM02-034B-02L64869w14-431C20a-OhmX431-431_20251016165633_Baseline.tdd
            - ._KAM02-034B-02L64869w14-431C20a-OhmX431-431_20251016173007_Baseline.tdd
            - ._KAM02-034B-02L64869w14-431C20a-OhmX431-431_20251016180341_Baseline.tdd
            - ._KAM02-034B-02L64869w14-431C20a-OhmX431-431_20251016183713_Baseline.tdd
            - ._KAM02-034B-02L64869w14-431C20a-OhmX431-431_20251016191046_Baseline.tdd
            - ._KAM02-034B-02L64869w14-431C20a-OhmX431-431_20251016194419_Baseline.tdd
            - ._KAM02-034B-02L64869w14-431C20a-OhmX431-431_20251016201752_Baseline.tdd
            - ._KAM02-034B-02L64869w14-431C20a-OhmX431-431_20251016205126_Baseline.tdd
            - ._KAM02-034B-02L64869w14-431C20a-OhmX431-431_20251016212500_Baseline.tdd
            - ._KAM02-034B-02L64869w14-431C20a-OhmX431-431_20251016215834_Baseline.tdd
            - ._KAM02-034B-02L64869w14-431C20a-OhmX431-431_20251016223207_Baseline.tdd
            - ._KAM02-034B-02L64869w14-431C20a-OhmX431-431_20251016230539_Baseline.tdd
            - ._KAM02-034B-02L64869w14-431C20a-OhmX431-431_20251016233914_Baseline.tdd
            - ._KAM02-034B-02L64869w14-431C20a-OhmX431-431_20251017001249_Baseline.tdd
            - ._KAM02-034B-02L64869w14-431C20a-OhmX431-431_20251017004623_Baseline.tdd
            - ._KAM02-034B-02L64869w14-431C20a-OhmX431-431_20251017011955_Baseline.tdd
            - ._KAM02-034B-02L64869w14-431C20a-OhmX431-431_20251017015329_Baseline.tdd
            - ._KAM02-034B-02L64869w14-431C20a-OhmX431-431_20251017022703_Baseline.tdd
            - ._KAM02-034B-02L64869w14-431C20a-OhmX431-431_20251017030037_Baseline.tdd
            - ._KAM02-034B-02L64869w14-431C20a-OhmX431-431_20251017033410_Baseline.tdd
            - ._KAM02-034B-02L64869w14-431C20a-OhmX431-431_20251017040744_Baseline.tdd
            - ._KAM02-034B-02L64869w14-431C20a-OhmX431-431_20251017044117_Baseline.tdd
            - ._KAM02-034B-02L64869w14-431C20a-OhmX431-431_20251017051450_Baseline.tdd
            - ._KAM02-034B-02L64869w14-431C20a-OhmX431-431_20251017054822_Baseline.tdd
            - ._KAM02-034B-02L64869w14-431C20a-OhmX431-431_20251017062154_Baseline.tdd
            - ._KAM02-034B-02L64869w14-431C20a-OhmX431-431_20251017065528_Baseline.tdd
            - ._KAM02-034B-02L64869w14-431C20a-OhmX431-431_20251017072859_Baseline.tdd
            - ._KAM02-034B-02L64869w14-431C20a-OhmX431-431_20251017080231_Baseline.tdd
            - ._KAM02-034B-02L64869w14-431C20a-OhmX431-431_20251017083604_Baseline.tdd
            - ._KAM02-034B-02L64869w14-431C20a-OhmX431-431_20251017090936_Baseline.tdd
            - ._KAM02-034B-02L64869w14-431C20a-OhmX431-431_20251017094309_Baseline.tdd
            - KAM02-034B-02L64869w14-431C20a-OhmX431-431_20251016161729_Baseline.tdd
            - KAM02-034B-02L64869w14-431C20a-OhmX431-431_20251016162300_Baseline.tdd
            - KAM02-034B-02L64869w14-431C20a-OhmX431-431_20251016165633_Baseline.tdd
            - KAM02-034B-02L64869w14-431C20a-OhmX431-431_20251016173007_Baseline.tdd
            - KAM02-034B-02L64869w14-431C20a-OhmX431-431_20251016180341_Baseline.tdd
            - KAM02-034B-02L64869w14-431C20a-OhmX431-431_20251016183713_Baseline.tdd
            - KAM02-034B-02L64869w14-431C20a-OhmX431-431_20251016191046_Baseline.tdd
            - KAM02-034B-02L64869w14-431C20a-OhmX431-431_20251016194419_Baseline.tdd
            - KAM02-034B-02L64869w14-431C20a-OhmX431-431_20251016201752_Baseline.tdd
            - KAM02-034B-02L64869w14-431C20a-OhmX431-431_20251016205126_Baseline.tdd
            - KAM02-034B-02L64869w14-431C20a-OhmX431-431_20251016212500_Baseline.tdd
            - KAM02-034B-02L64869w14-431C20a-OhmX431-431_20251016215834_Baseline.tdd
            - KAM02-034B-02L64869w14-431C20a-OhmX431-431_20251016223207_Baseline.tdd
            - KAM02-034B-02L64869w14-431C20a-OhmX431-431_20251016230539_Baseline.tdd
            - KAM02-034B-02L64869w14-431C20a-OhmX431-431_20251016233914_Baseline.tdd
            - KAM02-034B-02L64869w14-431C20a-OhmX431-431_20251017001249_Baseline.tdd
            - KAM02-034B-02L64869w14-431C20a-OhmX431-431_20251017004623_Baseline.tdd
            - KAM02-034B-02L64869w14-431C20a-OhmX431-431_20251017011955_Baseline.tdd
            - KAM02-034B-02L64869w14-431C20a-OhmX431-431_20251017015329_Baseline.tdd
            - KAM02-034B-02L64869w14-431C20a-OhmX431-431_20251017022703_Baseline.tdd
            - KAM02-034B-02L64869w14-431C20a-OhmX431-431_20251017030037_Baseline.tdd
            - KAM02-034B-02L64869w14-431C20a-OhmX431-431_20251017033410_Baseline.tdd
            - KAM02-034B-02L64869w14-431C20a-OhmX431-431_20251017040744_Baseline.tdd
            - KAM02-034B-02L64869w14-431C20a-OhmX431-431_20251017044117_Baseline.tdd
            - KAM02-034B-02L64869w14-431C20a-OhmX431-431_20251017051450_Baseline.tdd
            - KAM02-034B-02L64869w14-431C20a-OhmX431-431_20251017054822_Baseline.tdd
            - KAM02-034B-02L64869w14-431C20a-OhmX431-431_20251017062154_Baseline.tdd
            - KAM02-034B-02L64869w14-431C20a-OhmX431-431_20251017065528_Baseline.tdd
            - KAM02-034B-02L64869w14-431C20a-OhmX431-431_20251017072859_Baseline.tdd
            - KAM02-034B-02L64869w14-431C20a-OhmX431-431_20251017080231_Baseline.tdd
            - KAM02-034B-02L64869w14-431C20a-OhmX431-431_20251017083604_Baseline.tdd
            - KAM02-034B-02L64869w14-431C20a-OhmX431-431_20251017090936_Baseline.tdd
            - KAM02-034B-02L64869w14-431C20a-OhmX431-431_20251017094309_Baseline.tdd

Parameters:
  Amplitude  >= 100.0 mV
  Frequency     4.0 - 20.0 Hz
  Periodicity >= 0.4
  Gap merge  <= 30.0 s

========================================================================
  SUMMARY
========================================================================

  Channels with step noise: 22
  Total segments detected:  71
  Files with detections:    16

========================================================================
  DETECTIONS
========================================================================

File               Ch    Start      End   Freq      Amp    PreBL   PostBL  Period
---------------------------------------------------------------------------------
20251016180341     37    155.0    170.0    5.9    127.2   1122.9    933.9   0.414
20251016183713     43   1210.0   1295.0    6.0    193.3   1477.9   1352.7   0.652
20251016183713     43   1355.0   1370.0    5.2    137.9   1388.3   1372.6   0.481
20251016183713     43   1440.0   1450.0    4.5    128.9   1358.8   1358.1   0.410
20251016183713     43   1495.0   1645.0    4.0    148.1   1363.3   1395.9   0.624
20251016194419    177   1550.0   1560.0    7.1    460.2   1421.2   1375.7   0.470
20251016201752    196    325.0    345.0   17.8    199.0   1736.7   1741.1   0.663
20251016212500     29   1460.0   1470.0    5.6    500.8   1426.9   1467.3   0.425
20251016212500    122    575.0    650.0    4.2    138.3   1405.1   1409.1   0.537
20251016212500    122    920.0    935.0    4.3    151.8   1416.5   1416.8   0.552
20251016212500    122    995.0   1160.0    4.8    244.9   1407.5   1325.5   0.715
20251016215834     29    945.0   1635.0    5.1    423.5   1334.2   1899.5   0.882
20251016215834     29   1735.0   1745.0    4.0    197.3   1902.8   1908.4   0.421
20251016223207     12    530.0    580.0    9.8    157.3   1563.2   1568.8   0.608
20251016223207     12    715.0   1070.0    7.2    302.7   1552.8   1594.9   0.652
20251016223207     12   1235.0   1250.0    5.3    329.5   1806.7   1833.6   0.585
20251016223207     12   1340.0   1350.0    4.3    432.8   1828.8   2126.8   0.494
20251016223207     12   1785.0   1800.0   10.0    172.1   1851.7   1831.5   0.509
20251016223207    144    445.0    830.0    5.7    269.0   1611.9   1642.4   0.783
20251016223207    144    870.0    885.0    4.0    225.3   1646.9   1651.6   0.529
20251016223207    144   1120.0   1150.0    4.0    388.9   1670.8   1610.6   0.648
20251016230539    192   1010.0   1020.0   10.0    112.0   1787.8   1773.4   0.411
20251016230539    192   1550.0   1565.0    5.0    152.8   1779.5   1779.8   0.613
20251016230539    192   1680.0   1690.0    7.1    211.4   1787.8   1784.0   0.510
20251016230539    192   1760.0   1775.0   11.1    138.4   1905.1   1897.7   0.497
20251016233914    170   1750.0   1760.0    7.1    389.9   1907.5   1970.0   0.660
20251016233914    192   1545.0   1800.0   10.1    165.1   1914.4   1893.9   0.794
20251017001249    170    135.0    170.0    6.7    430.2   1786.1   1850.3   0.562
20251017001249    170    215.0    305.0   10.5    424.6   1822.3   1815.2   0.553
20251017001249    170    415.0    515.0   11.0    414.9   1842.8   1829.7   0.652
20251017001249    170    605.0    615.0    8.3    299.3   1865.1   1646.4   0.568
20251017001249    170    735.0   1050.0    9.5    255.0   1725.2   2008.5   0.701
20251017001249    170   1110.0   1190.0   11.0    382.3   1986.1   2011.3   0.632
20251017001249    170   1380.0   1395.0    7.1    258.2   1991.3   1997.7   0.596
20251017001249    170   1435.0   1800.0    9.8    265.3   1985.9   1964.4   0.743
20251017001249    231    985.0   1560.0    4.1    207.2   2248.5   2248.6   0.612
20251017004623    100     60.0    145.0    4.8    236.1   1379.2   1377.3   0.586
20251017004623    100    200.0    245.0    5.0    218.6   1392.1   1381.2   0.539
20251017004623    100    480.0    515.0    4.2    214.5   1390.6   1390.1   0.484
20251017004623    100   1270.0   1285.0    4.0    188.3   1392.4   1392.4   0.546
20251017004623    170     10.0     20.0    4.3    177.2   1503.0   1499.4   0.454
20251017004623    170    285.0    295.0    6.2    173.8   1492.1   1494.5   0.411
20251017004623    170    495.0    505.0    6.7    154.6   1494.0   1486.0   0.446
20251017004623    170    545.0    555.0    6.7    157.6   1479.1   1499.6   0.408
20251017004623    170    750.0    760.0    6.2    150.8   1494.4   1491.3   0.409
20251017004623    170   1060.0   1075.0    4.8    182.2   1491.9   1525.6   0.475
20251017004623    170   1220.0   1230.0    4.5    156.3   1516.3   1514.8   0.433
20251017004623    170   1285.0   1295.0    4.0    165.1   1513.0   1516.7   0.419
20251017004623    170   1335.0   1415.0    4.8    164.6   1515.9   1507.6   0.601
20251017004623    170   1570.0   1585.0    4.3    163.0   1587.8   1506.3   0.476
20251017015329    100    955.0    965.0    4.0    178.2   1861.9   1859.5   0.491
20251017015329    100   1020.0   1030.0    4.0    175.6   1858.5   1856.4   0.404
20251017015329    231    735.0    750.0    4.0    252.2   2390.5   2364.9   0.452
20251017015329    231    825.0    890.0    4.8    274.7   2384.0   2371.7   0.517
20251017015329    231    950.0    960.0    4.5    277.0   2372.3   2367.9   0.442
20251017015329    231   1020.0   1030.0    4.5    273.6   2371.3   2383.4   0.406
20251017015329    231   1075.0   1485.0    4.0    272.9   2384.4   2360.0   0.643
20251017022703     52   1700.0   1800.0    6.2    288.3   1753.1   1770.3   0.572
20251017030037    156   1005.0   1015.0    4.5    141.2   1372.2   1368.8   0.460
20251017030037    156   1450.0   1460.0    4.0    192.6   1374.6   1372.0   0.401
20251017040744    245      0.0    245.0    7.3    161.0      0.0   1146.7   0.674
20251017040744    245    805.0    955.0   18.2    178.4   1877.3   1872.5   0.597
20251017040744    245    990.0   1025.0   17.1    147.1   1879.3   1858.9   0.562
20251017040744    245   1465.0   1525.0   17.8    111.5   1831.5   1832.6   0.590
20251017040744    245   1560.0   1645.0   14.3    117.8   1832.5   1837.8   0.583
20251017040744    245   1735.0   1800.0   12.4    183.5   1858.9   1834.5   0.659
20251017062154    195   1010.0   1120.0   12.4    242.9   1748.7   1753.9   0.604
20251017062154    195   1170.0   1300.0   14.9    257.4   1756.4   1758.2   0.655
20251017062154    195   1370.0   1540.0   12.6    355.0   1774.5   1761.1   0.673
20251017062154    195   1675.0   1710.0    5.9    362.2   1644.5   1655.4   0.486
20251017062154    195   1750.0   1800.0    5.9    300.0   1795.1   1680.1   0.668

========================================================================
  End of report
========================================================================
