========================================================================
  STEP NOISE FINDER — SCAN REPORT
========================================================================

Date:       2026-04-22 13:20:47
Folder:     D:/Data2\Baseline_collection2\KAM02-033B-02L64869w15-428H21a\BASELINE_TDD_files
Files:      70
            - ._KAM02-033B-02L64869w15-428H21a-UNO428-428_20251014155212_Baseline.tdd
            - ._KAM02-033B-02L64869w15-428H21a-UNO428-428_20251014155744_Baseline.tdd
            - ._KAM02-033B-02L64869w15-428H21a-UNO428-428_20251014163118_Baseline.tdd
            - ._KAM02-033B-02L64869w15-428H21a-UNO428-428_20251014170450_Baseline.tdd
            - ._KAM02-033B-02L64869w15-428H21a-UNO428-428_20251014173825_Baseline.tdd
            - ._KAM02-033B-02L64869w15-428H21a-UNO428-428_20251014181159_Baseline.tdd
            - ._KAM02-033B-02L64869w15-428H21a-UNO428-428_20251014184533_Baseline.tdd
            - ._KAM02-033B-02L64869w15-428H21a-UNO428-428_20251014191906_Baseline.tdd
            - ._KAM02-033B-02L64869w15-428H21a-UNO428-428_20251014195240_Baseline.tdd
            - ._KAM02-033B-02L64869w15-428H21a-UNO428-428_20251014202620_Baseline.tdd
            - ._KAM02-033B-02L64869w15-428H21a-UNO428-428_20251014205953_Baseline.tdd
            - ._KAM02-033B-02L64869w15-428H21a-UNO428-428_20251014213327_Baseline.tdd
            - ._KAM02-033B-02L64869w15-428H21a-UNO428-428_20251014220700_Baseline.tdd
            - ._KAM02-033B-02L64869w15-428H21a-UNO428-428_20251014224033_Baseline.tdd
            - ._KAM02-033B-02L64869w15-428H21a-UNO428-428_20251014231407_Baseline.tdd
            - ._KAM02-033B-02L64869w15-428H21a-UNO428-428_20251014234739_Baseline.tdd
            - ._KAM02-033B-02L64869w15-428H21a-UNO428-428_20251015002113_Baseline.tdd
            - ._KAM02-033B-02L64869w15-428H21a-UNO428-428_20251015005446_Baseline.tdd
            - ._KAM02-033B-02L64869w15-428H21a-UNO428-428_20251015012820_Baseline.tdd
            - ._KAM02-033B-02L64869w15-428H21a-UNO428-428_20251015020154_Baseline.tdd
            - ._KAM02-033B-02L64869w15-428H21a-UNO428-428_20251015023527_Baseline.tdd
            - ._KAM02-033B-02L64869w15-428H21a-UNO428-428_20251015030900_Baseline.tdd
            - ._KAM02-033B-02L64869w15-428H21a-UNO428-428_20251015034232_Baseline.tdd
            - ._KAM02-033B-02L64869w15-428H21a-UNO428-428_20251015041606_Baseline.tdd
            - ._KAM02-033B-02L64869w15-428H21a-UNO428-428_20251015044939_Baseline.tdd
            - ._KAM02-033B-02L64869w15-428H21a-UNO428-428_20251015052312_Baseline.tdd
            - ._KAM02-033B-02L64869w15-428H21a-UNO428-428_20251015055644_Baseline.tdd
            - ._KAM02-033B-02L64869w15-428H21a-UNO428-428_20251015063017_Baseline.tdd
            - ._KAM02-033B-02L64869w15-428H21a-UNO428-428_20251015070351_Baseline.tdd
            - ._KAM02-033B-02L64869w15-428H21a-UNO428-428_20251015073724_Baseline.tdd
            - ._KAM02-033B-02L64869w15-428H21a-UNO428-428_20251015081057_Baseline.tdd
            - ._KAM02-033B-02L64869w15-428H21a-UNO428-428_20251015084430_Baseline.tdd
            - ._KAM02-033B-02L64869w15-428H21a-UNO428-428_20251015091804_Baseline.tdd
            - ._KAM02-033B-02L64869w15-428H21a-UNO428-428_20251015095137_Baseline.tdd
            - ._KAM02-033B-02L64869w15-428H21a-UNO428-428_20251015102508_Baseline.tdd
            - KAM02-033B-02L64869w15-428H21a-UNO428-428_20251014155212_Baseline.tdd
            - KAM02-033B-02L64869w15-428H21a-UNO428-428_20251014155744_Baseline.tdd
            - KAM02-033B-02L64869w15-428H21a-UNO428-428_20251014163118_Baseline.tdd
            - KAM02-033B-02L64869w15-428H21a-UNO428-428_20251014170450_Baseline.tdd
            - KAM02-033B-02L64869w15-428H21a-UNO428-428_20251014173825_Baseline.tdd
            - KAM02-033B-02L64869w15-428H21a-UNO428-428_20251014181159_Baseline.tdd
            - KAM02-033B-02L64869w15-428H21a-UNO428-428_20251014184533_Baseline.tdd
            - KAM02-033B-02L64869w15-428H21a-UNO428-428_20251014191906_Baseline.tdd
            - KAM02-033B-02L64869w15-428H21a-UNO428-428_20251014195240_Baseline.tdd
            - KAM02-033B-02L64869w15-428H21a-UNO428-428_20251014202620_Baseline.tdd
            - KAM02-033B-02L64869w15-428H21a-UNO428-428_20251014205953_Baseline.tdd
            - KAM02-033B-02L64869w15-428H21a-UNO428-428_20251014213327_Baseline.tdd
            - KAM02-033B-02L64869w15-428H21a-UNO428-428_20251014220700_Baseline.tdd
            - KAM02-033B-02L64869w15-428H21a-UNO428-428_20251014224033_Baseline.tdd
            - KAM02-033B-02L64869w15-428H21a-UNO428-428_20251014231407_Baseline.tdd
            - KAM02-033B-02L64869w15-428H21a-UNO428-428_20251014234739_Baseline.tdd
            - KAM02-033B-02L64869w15-428H21a-UNO428-428_20251015002113_Baseline.tdd
            - KAM02-033B-02L64869w15-428H21a-UNO428-428_20251015005446_Baseline.tdd
            - KAM02-033B-02L64869w15-428H21a-UNO428-428_20251015012820_Baseline.tdd
            - KAM02-033B-02L64869w15-428H21a-UNO428-428_20251015020154_Baseline.tdd
            - KAM02-033B-02L64869w15-428H21a-UNO428-428_20251015023527_Baseline.tdd
            - KAM02-033B-02L64869w15-428H21a-UNO428-428_20251015030900_Baseline.tdd
            - KAM02-033B-02L64869w15-428H21a-UNO428-428_20251015034232_Baseline.tdd
            - KAM02-033B-02L64869w15-428H21a-UNO428-428_20251015041606_Baseline.tdd
            - KAM02-033B-02L64869w15-428H21a-UNO428-428_20251015044939_Baseline.tdd
            - KAM02-033B-02L64869w15-428H21a-UNO428-428_20251015052312_Baseline.tdd
            - KAM02-033B-02L64869w15-428H21a-UNO428-428_20251015055644_Baseline.tdd
            - KAM02-033B-02L64869w15-428H21a-UNO428-428_20251015063017_Baseline.tdd
            - KAM02-033B-02L64869w15-428H21a-UNO428-428_20251015070351_Baseline.tdd
            - KAM02-033B-02L64869w15-428H21a-UNO428-428_20251015073724_Baseline.tdd
            - KAM02-033B-02L64869w15-428H21a-UNO428-428_20251015081057_Baseline.tdd
            - KAM02-033B-02L64869w15-428H21a-UNO428-428_20251015084430_Baseline.tdd
            - KAM02-033B-02L64869w15-428H21a-UNO428-428_20251015091804_Baseline.tdd
            - KAM02-033B-02L64869w15-428H21a-UNO428-428_20251015095137_Baseline.tdd
            - KAM02-033B-02L64869w15-428H21a-UNO428-428_20251015102508_Baseline.tdd

Parameters:
  Amplitude  >= 100.0 mV
  Frequency     4.0 - 20.0 Hz
  Periodicity >= 0.4
  Gap merge  <= 30.0 s

========================================================================
  SUMMARY
========================================================================

  Channels with step noise: 19
  Total segments detected:  56
  Files with detections:    14

========================================================================
  DETECTIONS
========================================================================

File               Ch    Start      End   Freq      Amp    PreBL   PostBL  Period
---------------------------------------------------------------------------------
20251014163118     43   1025.0   1035.0    7.1    320.3   1533.3   1350.6   0.425
20251014163118     43   1385.0   1430.0    4.0    242.1   1443.2   1361.2   0.487
20251014163118     43   1570.0   1585.0    4.3    260.7   1390.7   1353.5   0.489
20251014181159    221   1645.0   1655.0    4.2    105.0   1837.9   1778.4   0.483
20251014191906    153   1000.0   1010.0   10.0    270.6   1311.5   1325.0   0.458
20251014191906    153   1325.0   1335.0    8.3    161.5   1361.2   1357.9   0.429
20251014191906    153   1440.0   1495.0    5.4    191.8   1349.8   1333.4   0.487
20251014191906    183   1185.0   1795.0    5.3    123.8   1593.5   1619.3   0.868
20251014195240    233    915.0   1415.0    8.2   1063.0   1633.9   1695.6   0.779
20251014202620     50    815.0    860.0    5.3    105.0   1462.2   1470.5   0.743
20251014205953    153    810.0   1105.0    4.0    254.9   1437.4   1424.0   0.729
20251014213327    153    420.0    685.0    4.3    280.5   1407.9   1448.1   0.750
20251014213327    225   1275.0   1315.0   12.5    100.8   1805.3   1781.2   0.461
20251014220700    153    455.0    855.0    4.1    230.1   1437.0   1455.6   0.899
20251014220700    225    155.0    190.0   16.7    125.2   1790.7   1791.7   0.463
20251014220700    225    310.0    320.0   14.3    113.2   1795.8   1791.1   0.446
20251014220700    225    510.0   1345.0   16.2    131.7   1803.5   1810.9   0.733
20251014220700    225   1445.0   1580.0   12.5    107.8   1815.8   1823.6   0.539
20251014220700    225   1750.0   1760.0   12.5    101.6   1824.6   1820.9   0.400
20251014224033    153    560.0    570.0   11.1    100.4   1379.1   1381.4   0.470
20251014224033    153    655.0   1425.0    7.4    226.1   1389.9   1328.4   0.805
20251014224033    153   1515.0   1585.0    6.3    214.8   1430.2   1415.7   0.612
20251014224033    153   1640.0   1725.0    5.1    193.5   1409.4   1420.8   0.586
20251014224033    153   1775.0   1785.0    4.2    155.5   1418.6   1422.9   0.476
20251014224033    225    760.0    770.0   20.0    151.9   1839.9   1839.5   0.434
20251014224033    225    815.0    825.0   20.0    141.8   1840.7   1840.5   0.499
20251014224033    225    945.0   1085.0   20.0    150.2   1847.3   1837.1   0.596
20251014224033    225   1125.0   1280.0   19.9    143.8   1836.3   1840.3   0.626
20251014224033    225   1380.0   1390.0   20.0    143.9   1857.3   1846.4   0.465
20251014224033    225   1455.0   1465.0   12.5    145.0   1847.9   1849.7   0.405
20251014224033    225   1530.0   1550.0   20.0    144.0   1845.7   1846.9   0.472
20251014224033    225   1720.0   1800.0   19.9    152.7   1855.4   1849.9   0.659
20251014231407    225    620.0    635.0    4.2    125.5   1299.3   1303.3   0.445
20251014231407    225    810.0    830.0    4.2    127.8   1334.7   1340.0   0.524
20251014231407    225    995.0   1005.0    4.8    135.6   1372.5   1378.1   0.403
20251014231407    225   1150.0   1170.0    5.7    142.1   1393.9   1437.2   0.590
20251014231407    225   1220.0   1345.0   13.8    208.2   1599.0   1908.7   0.672
20251014231407    225   1400.0   1440.0   12.5    199.8   1935.2   1956.4   0.515
20251014231407    225   1570.0   1615.0   20.0    205.3   1964.7   1967.2   0.477
20251014231407    225   1655.0   1790.0   11.6    224.2   1961.8   1978.8   0.741
20251014234739    153    730.0    800.0    7.2    103.7   1452.3   1451.5   0.816
20251014234739    153    845.0    905.0    4.5    104.3   1452.0   1456.3   0.770
20251014234739    225    195.0    275.0    4.0    124.5   1905.3   1906.0   0.565
20251014234739    225    885.0    905.0    4.2    139.1   1923.5   1918.4   0.495
20251014234739    225    960.0   1020.0    4.3    141.7   1937.3   1940.9   0.595
20251014234739    225   1090.0   1135.0    4.7    140.1   1946.7   1952.3   0.562
20251014234739    225   1170.0   1180.0    4.8    146.0   1939.2   1934.5   0.405
20251014234739    225   1220.0   1230.0    5.3    132.3   1943.0   1946.0   0.435
20251014234739    225   1320.0   1330.0    5.0    137.0   1945.9   1949.6   0.411
20251014234739    225   1375.0   1390.0    4.7    131.9   1952.4   1962.9   0.459
20251014234739    225   1510.0   1520.0    5.6    135.2   1956.2   1958.8   0.415
20251014234739    225   1655.0   1765.0   14.9    112.5   1969.1   1889.1   0.834
20251015002113    153    375.0    525.0    4.2    119.2   1487.1   1496.9   0.823
20251015005446    153    530.0   1385.0    4.0    197.6   1442.5   1481.5   0.898
20251015023527     45    720.0    745.0    4.1    105.3   1457.4   1459.8   0.539
20251015023527     45    875.0    890.0    4.0    106.3   1459.5   1463.2   0.487

========================================================================
  End of report
========================================================================
